0,1
0,85.0
20180202,24.33839748386402
20180203,23.00002515583123
20180204,35.22661050710904
20180205,45.309643701976974
20180206,52.33439884701367
20180207,59.419669500668775
20180208,65.90265746579416
20180209,56.8842373677359
20180210,54.304181902595325
20180211,41.23161105447586
20180212,55.12997506340778
20180213,66.29512327389236
20180214,73.62992222526915
20180215,33.146948462303634
20180216,42.5660183941569
20180217,53.01373067302502
20180218,59.6049258916066
20180219,63.94408898898309
20180220,68.06688104829514
20180221,71.80134806498016
20180222,76.14675626022006
20180223,78.38942086398653
20180224,81.5907106378011
20180225,83.10161255347012
20180226,83.09395349582016
20180227,83.14103093881705
20180228,83.188123924448
20180301,84.29982927857527
20180302,70.1854493692518
20180303,72.23257343506278
20180304,44.187980241881455
20180305,56.06098559232875
20180306,63.6879855054022
20180307,54.45537779474138
20180308,41.35981860723062
20180309,29.460856701523788
20180310,31.820493629452645
20180311,18.43146147800026
20180312,23.269699159372557
20180313,8.906095475460377
20180314,28.244177205231974
20180315,21.072520205673335
20180316,25.15737948969631
20180317,40.4717365040327
20180318,57.177253571146004
20180319,69.65060482278786
20180320,73.68734415312703
20180321,75.4298459101344
20180322,26.7963051561567
20180323,40.920055585489145
20180324,54.51648443615269
20180325,63.56802289763786
20180326,67.04701581254912
20180327,43.652346803373376
20180328,16.43313217369158
20180329,33.80683949563652
20180330,31.868210031015728
20180331,26.98188077276146
20180401,25.50425125689229
20180402,41.5135331297372
20180403,44.98322865577064
20180404,45.22788336126845
20180405,34.529048398356025
20180406,60.5158301692538
20180407,75.63492045711435
20180408,79.33048269757072
20180409,79.93165172868062
20180410,37.54349505465489
20180411,31.51214773754907
20180412,36.262650058004354
20180413,45.59896002727255
20180414,26.583410706388076
20180415,39.12092298276535
20180416,52.16467609750695
20180417,69.41142746092021
20180418,80.37515692408466
20180419,86.2391012229785
20180420,86.10843968564043
20180421,85.8346663537648
20180422,55.40215496958352
20180423,68.93112571699066
20180424,75.401017034615
20180425,75.54283281693118
20180426,73.4612658615632
20180427,79.20047944512204
20180428,80.24601513704646
20180429,19.281069175485765
20180430,14.199960978736899
20180501,31.97533951326101
20180502,55.88485249348736
20180503,67.68959728324472
20180504,76.81457072876765
20180505,83.31499372572685
20180506,86.11286962207105
20180507,86.74228832743147
20180508,87.25683878646535
20180509,84.42203723504149
20180510,83.83653803044334
20180511,83.88386063798083
20180512,85.25192748067695
20180513,81.74093237242813
20180514,81.78756311503382
20180515,85.245492776491
20180516,83.86247836376603
20180517,83.9098095355135
20180518,83.94424957702223
20180519,81.66171457182884
20180520,57.828978991612544
20180521,73.18064949481743
20180522,79.81356002418775
20180523,41.36915259207909
20180524,38.23342527142686
20180525,52.32229524605508
20180526,73.76989504996388
20180527,40.45303240408248
20180528,65.89332162358865
20180529,36.9411903526155
20180530,56.409484630594314
20180531,23.501391660299966
20180601,14.445035596207441
20180602,26.604809544897847
20180603,47.26035192404306
20180604,58.78489934866776
20180605,68.32568551648806
20180606,77.72982628481373
20180607,67.76402692490657
20180608,70.3127700371988
20180609,76.13749393388709
20180610,79.63366369613777
20180611,82.50714284087334
20180612,82.55402654812983
20180613,82.90038554737549
20180614,82.72002752048931
20180615,83.03168011943609
20180616,84.18398143801596
20180617,82.23136920483915
20180618,82.40077366330384
20180619,81.78564702566919
20180620,82.29467458466293
20180621,83.22643627857228
20180622,83.27355746080566
20180623,83.57317782334351
20180624,83.62041348241767
20180625,83.7146665803827
20180626,84.56670245115507
20180627,84.78092473025545
20180628,86.62713383692471
20180629,86.67537776063156
20180630,87.5406660122797
20180701,90.62258687547798
20180702,90.7511427671327
20180703,90.55430272472528
20180704,88.59729154029354
20180705,86.92225773960405
20180706,86.82097754731964
20180707,87.0379532266999
20180708,87.08633278257015
20180709,86.13954599134681
20180710,83.58720819444561
20180711,83.91229998429381
20180712,83.95964760466653
20180713,84.00701085687245
20180714,85.50749228325685
20180715,87.24058278252393
20180716,64.86951851818797
20180717,76.74685368735614
20180718,81.93944508891289
20180719,84.37935761477277
20180720,85.54301940365359
20180721,85.94428504449525
20180722,85.9923035254374
20180723,86.43939634737933
20180724,87.29227526566217
20180725,54.351342050214214
20180726,80.98123201911099
20180727,87.38652767745803
20180728,78.57545817262611
20180729,85.21180680563828
20180730,85.51752983460132
20180731,85.56540742216353
20180801,85.97820178621784
20180802,86.41290731153694
20180803,87.37673766695501
20180804,87.1743638925376
20180805,87.2227884844363
20180806,87.9841437209649
20180807,79.37339997221132
20180808,79.06644164586845
20180809,48.572665541614526
20180810,57.78624317203936
20180811,71.53779390460669
20180812,83.41285027409351
20180813,49.022557940681004
20180814,46.70579226894066
20180815,64.21787687778615
20180816,46.4591516765769
20180817,46.92673816303455
20180818,64.56065659166073
20180819,74.14077167326994
20180820,77.07878103729502
20180821,79.73477548987158
20180822,79.87548459609864
20180823,68.09480810276033
20180824,78.43630103585815
20180825,26.94599662852423
20180826,33.36326405044867
20180827,54.65143946899352
20180828,66.08975673607688
20180829,26.29858965456766
20180830,47.97176247243525
20180831,60.08283090177488
20180901,70.45523836425696
20180902,77.89239461273132
20180903,78.87443249902732
20180904,39.5127180110669
20180905,52.049530310412344
20180906,61.84565454673857
20180907,44.19471717559591
20180908,61.866459564259806
20180909,75.99190473027495
20180910,79.12110698512778
20180911,82.25426962080584
20180912,62.484149156413935
20180913,70.50471565519278
20180914,76.90837607221573
20180915,78.75945079021561
20180916,80.98492946559837
20180917,83.2208550222178
20180918,85.21835122038905
20180919,85.26613003402846
20180920,85.31392462185971
20180921,60.00049578584272
20180922,38.57642095940005
20180923,10.2910862724421
20180924,22.102924771561703
20180925,36.840481653580426
20180926,55.98226788032809
20180927,67.2905628477322
20180928,73.69376503019674
20180929,76.57994966776471
20180930,78.39210060704356
20181001,69.40498750579029
20181002,65.17972008521643
20181003,73.50576316617793
20181004,75.91983372264431
20181005,78.22106279697043
20181006,79.31641353807323
20181007,80.08910621165624
20181008,80.13519160328444
20181009,80.57980488541764
20181010,81.93105637714628
20181011,57.23960039995766
20181012,70.77231360126035
20181013,78.92360523989417
20181014,82.30102271289515
20181015,83.24515825248376
20181016,83.2922856157833
20181017,81.0979458895656
20181018,81.1443643499619
20181019,81.19079813542895
20181020,81.05399424479954
20181021,81.10039819454512
20181022,66.74525863387609
20181023,73.11899428997651
20181024,75.02255446462128
20181025,77.22651972200445
20181026,32.88112200723054
20181027,18.337368222581322
20181028,36.61730270170064
20181029,45.63192047357159
20181030,9.27585827811589
20181031,24.937962532770293
20181101,35.62449298620885
20181102,46.07759065186635
20181103,52.297438153053555
20181104,57.07159371569595
20181105,60.155623441779184
20181106,71.49963176271282
20181107,75.71932362380839
20181108,77.26834541457215
20181109,77.89926815369283
20181110,36.87802910678474
20181111,21.271700237403667
20181112,11.20264699056618
20181113,27.499787074592835
20181114,36.603193784038275
20181115,45.57627862227275
20181116,46.07658686807802
20181117,56.26022201293054
20181118,66.24190645388758
20181119,71.03660511162141
20181120,74.98487774522532
20181121,75.62287495887581
20181122,75.97882599088554
20181123,76.33458505414522
20181124,76.06115687566712
20181125,75.60017703831362
20181126,30.90823411086712
20181127,35.20139650579497
20181128,27.61054910131788
20181129,31.000890107565443
20181130,45.76690137251196
20181201,35.17973836211112
20181202,11.628281930940792
20181203,25.132543052307703
20181204,33.31414099778702
20181205,31.15741122355666
20181206,26.94762837626295
20181207,16.362649946359582
20181208,24.08875287174526
20181209,21.359243553012433
20181210,27.01287304686281
20181211,34.70330265443379
20181212,37.574504160138254
20181213,43.7410880495643
20181214,45.861288526345916
20181215,32.60403271991582
20181216,28.442184111515598
20181217,35.416106225468035
20181218,48.105146303099275
20181219,52.922712538086806
20181220,56.440941394196926
20181221,24.017267675603026
20181222,19.198983087461556
20181223,9.676525917749366
20181224,18.21019397857856
20181225,24.09336183569721
20181226,28.287312762960266
20181227,35.1170739557577
20181228,37.55829832632057
20181229,44.60135964718237
20181230,41.846743910208765
20181231,42.1472972354399
20190101,45.917721305840274
20190102,56.77593528681791
20190103,59.461384326404406
20190104,62.90234145541738
20190105,56.385914534768915
20190106,59.43199586738605
20190107,45.815583353666256
20190108,44.340244216786154
20190109,53.44370314629943
20190110,52.191213150740275
20190111,37.76161828256519
20190112,39.97700433976683
20190113,22.110906507124856
20190114,22.82371064572107
20190115,33.640277821011715
20190116,44.28499567691961
20190117,22.622676303201413
20190118,24.43247297158315
20190119,32.211452491678045
20190120,40.58220043549533
20190121,45.297341975654156
20190122,33.18664128904583
20190123,39.154544446458836
20190124,42.1752398235014
20190125,39.620276883757995
20190126,29.23963130913635
20190127,16.811334650343163
20190128,15.414815762297987
20190129,28.111137826790273
20190130,22.130132251470894
20190131,24.727361640837522
20190201,26.89163665718195
20190202,11.352485319503534
20190203,19.47229158277449
20190204,23.662657738636383
20190205,30.706386797021015
20190206,11.87208531740442
20190207,23.084759438433984
20190208,30.06559807911337
20190209,49.21008167369508
20190210,17.314021048690954
20190211,26.1040064383236
20190212,36.658549469285525
20190213,47.82482316241289
20190214,58.69772408911791
20190215,70.42518196709753
20190216,73.58587415269736
20190217,79.18548350119033
20190218,79.98767991880568
20190219,80.03373182450825
20190220,80.77818192708784
20190221,80.61116292390273
20190222,78.58211227776626
20190223,79.5717796106638
20190224,82.12591108107812
20190225,83.67573437615285
20190226,83.72300389430832
20190227,83.77028901851153
20190228,47.30973651672377
20190301,33.266325506162154
20190302,43.19373931766458
20190303,33.08491216844177
20190304,37.8222884772292
20190305,48.84441090622618
20190306,62.31024165973201
20190307,32.777082857763816
20190308,33.741118254976854
20190309,53.727427543992505
20190310,35.14314788314678
20190311,49.589481463322464
20190312,47.87885838528324
20190313,36.36555456827718
20190314,32.061601118431625
20190315,23.61265777350444
20190316,27.1132647328721
20190317,35.30359982397654
20190318,50.825523723476586
20190319,59.92475157365067
20190320,65.65340919488534
20190321,68.13695286134337
20190322,71.69423713415279
20190323,74.59854324203845
20190324,77.18681648388369
20190325,74.1242344991477
20190326,77.37494728046806
20190327,79.10721959970287
20190328,79.47416797813935
20190329,80.89538019587266
20190330,82.2469079025038
20190331,82.60403086007409
20190401,83.92913886194397
20190402,42.126813812272005
20190403,33.35645585870235
20190404,46.52013187548539
20190405,61.146213513459536
20190406,69.43480027842811
20190407,77.5795720105125
20190408,77.62482887855744
20190409,80.36786145050358
20190410,83.00544542167657
20190411,83.55059803022839
20190412,83.59782623457605
20190413,83.64507003133168
20190414,83.69232942564315
20190415,84.37946786675487
20190416,85.9005442700292
20190417,84.63384956713043
20190418,86.54472075082957
20190419,88.51568156490944
20190420,88.75524035271008
20190421,88.80418687151813
20190422,89.69425367634635
20190423,89.50836709387136
20190424,54.146119578391016
20190425,45.402132822516165
20190426,63.66588596963735
20190427,60.25890361768544
20190428,28.881149512992728
20190429,46.76428018960878
20190430,58.13715187275297
20190501,65.17349527832307
20190502,55.864957783174546
20190503,37.84067333936377
20190504,31.73378336273716
20190505,34.4145379587679
20190506,51.13192278529001
20190507,65.61965246492126
20190508,64.63336711499431
20190509,39.71304618661353
20190510,51.99673994496376
20190511,65.59739381052232
20190512,72.93403244452549
20190513,79.93334179908011
20190514,82.8676561313327
20190515,84.97384994199167
20190516,85.49391387849539
20190517,83.83603648889118
20190518,83.88335893084457
20190519,52.207703611485705
20190520,56.58076142495161
20190521,65.61011556320099
20190522,75.09883276511303
20190523,82.26809587823891
20190524,83.56166193422091
20190525,49.91973471643436
20190526,54.46144994633979
20190527,69.70678985006452
20190528,29.859757917820374
20190529,54.38770769678379
20190530,70.51214676022175
20190531,76.91933222670168
20190601,81.47625675928327
20190602,82.68726699831542
20190603,82.78599387499573
20190604,69.95463832921558
20190605,25.502994810610996
20190606,33.87232722031424
20190607,59.12840336852985
20190608,74.82504738722606
20190609,80.09826701518843
20190610,47.60510353941685
20190611,63.78273042896833
20190612,25.935442205557617
20190613,32.26750975682743
20190614,56.2555226354498
20190615,20.736715552910805
20190616,44.40741977575132
20190617,66.73151999835635
20190618,77.57035741821393
20190619,31.997658057800262
20190620,54.409323146402826
20190621,69.77091361875102
20190622,78.3863103240853
20190623,83.7023650360009
20190624,85.64464195413875
20190625,85.79670928617783
20190626,84.09848703957103
20190627,84.34954613848231
20190628,84.91156957894535
20190629,88.09878167048625
20190630,86.45935531798466
20190701,85.70482772202672
20190702,85.75276714605117
20190703,85.80072239729301
20190704,85.84869348097762
20190705,85.89668040233205
20190706,65.50996722827952
20190707,75.29572511517274
20190708,79.69253404615782
20190709,82.05702048214494
20190710,83.35867891018081
20190711,84.04611746402381
20190712,66.28252589029687
20190713,69.66411925547995
20190714,75.36258837425318
20190715,78.45413100575537
20190716,81.11502448751125
20190717,83.59006792609674
20190718,83.83730697322028
20190719,84.65493533110676
20190720,63.64279549153174
20190721,74.63842078380459
20190722,82.1378100718334
20190723,87.33753905720367
20190724,88.94337227099669
20190725,90.78262818769889
20190726,89.69052411876373
20190727,52.87380959167426
20190728,24.103413230322737
20190729,56.04770245150982
20190730,77.90182102447851
20190731,81.9610261035015
20190801,82.56655063379037
20190802,59.001658711119426
20190803,69.05371561872118
20190804,79.00162548224931
20190805,74.39435107924899
20190806,81.57401793703418
20190807,84.38317179853539
20190808,85.05588108297347
20190809,50.469486270236615
20190810,73.25168934048203
20190811,80.68741700969386
20190812,36.49507368836345
20190813,34.02202459832396
20190814,34.311025029345004
20190815,43.56804153968153
20190816,60.57515565331884
20190817,37.127782902765674
20190818,41.33926666912135
20190819,64.13974813298023
20190820,73.84080492930174
20190821,79.45331426781497
20190822,81.44050675564993
20190823,83.84307758746638
20190824,86.10390894661164
20190825,87.47324035765655
20190826,87.52176362372346
20190827,87.57030290976341
20190828,81.71070468384222
20190829,82.3960834605989
20190830,83.0468370424516
20190831,85.35337322120931
20190901,72.8919422695779
20190902,79.47871578661041
20190903,82.1600966237683
20190904,45.38995122183192
20190905,60.20973079265136
20190906,72.12036800289661
20190907,40.77433384466088
20190908,54.68282693359011
20190909,65.83057810938655
20190910,73.4529945403859
20190911,62.52893691627161
20190912,73.80949163315896
20190913,78.17789882491574
20190914,81.11704143150475
20190915,82.31517310446172
20190916,81.61020445340478
20190917,82.0569969299974
20190918,82.43845813935647
20190919,82.48531917033503
20190920,84.05055775307916
20190921,87.43100777697244
20190922,69.2638231528048
20190923,75.35836205261442
20190924,36.46539463430053
20190925,36.20604888546067
20190926,19.784580040285366
20190927,42.786884028417596
20190928,42.07604413794907
20190929,27.401856344006124
20190930,43.02536324105191
20191001,17.48579701066396
20191002,28.431764039904504
20191003,40.4306919219146
20191004,17.8363045695583
20191005,31.491263667586644
20191006,19.385087068832807
20191007,27.62401868548711
20191008,26.83795390285028
20191009,20.804186589251938
20191010,43.4736008256712
20191011,55.08322767499136
20191012,61.206618471929126
20191013,48.48601058523693
20191014,57.48964353008549
20191015,66.12759817478727
20191016,26.513514823458305
20191017,38.523433511939054
20191018,54.416688466367546
20191019,35.572620843341426
20191020,42.62747664463048
20191021,19.211127783631404
20191022,27.400658594684888
20191023,36.441462880568395
20191024,53.803965277107885
20191025,64.63981081654013
20191026,67.9558010158858
20191027,67.28064868339581
20191028,69.80481991635705
20191029,73.11357051352022
20191030,74.49212298537435
20191031,76.0810357899056
20191101,31.99721396499923
20191102,30.00292421760264
20191103,16.282917250264898
20191104,20.84335519222174
20191105,28.95836395307004
20191106,29.270289696586236
20191107,21.875813353434616
20191108,29.760001542818273
20191109,39.755111851427316
20191110,45.260605707615355
20191111,20.62923247339376
20191112,35.312521597286974
20191113,20.36587196774909
20191114,27.997981350006757
20191115,37.496915609806976
20191116,45.84198559519013
20191117,50.6206976623495
20191118,36.26279665953212
20191119,41.68064601315462
20191120,47.58386590573063
20191121,50.910179201610504
20191122,58.98131021642638
20191123,62.8692715699714
20191124,64.08573394137125
20191125,67.82826057069374
20191126,57.907092983801185
20191127,30.020748752618967
20191128,12.819514871889153
20191129,22.233652407972677
20191130,26.977846834389915
20191201,33.60503056026935
20191202,38.98561529002378
20191203,42.98912592841656
20191204,46.288979011617926
20191205,49.32300092216694
20191206,28.690733225393842
20191207,43.847485332940856
20191208,49.777570374247325
20191209,27.8521780830585
20191210,43.38199436176157
20191211,41.82295661613377
20191212,33.30020434588805
20191213,19.077612026388966
20191214,25.124921926953085
20191215,31.16403995026052
20191216,36.01962357089784
20191217,46.10002140393433
20191218,53.18275723959335
20191219,64.65721109179337
20191220,57.552878879988036
20191221,49.71348021149166
20191222,20.345457267686548
20191223,30.777596037058807
20191224,36.92689781890124
20191225,44.11680424314553
20191226,13.898100916793421
20191227,11.838376684555108
20191228,18.252698326239795
20191229,30.138252924468002
20191230,50.728463779242354
20191231,54.49916686209462
20200101,56.6623378407749
20200102,59.91336610774032
20200103,59.17022678606505
20200104,63.69292469454066
20200105,67.6124479870983
20200106,66.71585472493406
20200107,68.76742202446326
20200108,49.71897889965257
20200109,41.86599894477837
20200110,46.134941858221694
20200111,58.59922426612293
20200112,65.74860848411694
20200113,70.29887257876855
20200114,47.56431866446611
20200115,53.715987175541294
20200116,61.13589216997431
20200117,69.28656924832471
20200118,71.89810916827759
20200119,73.51039489930349
20200120,73.5543083271197
20200121,72.90343039802829
20200122,72.77355115327433
20200123,73.3651242988191
20200124,73.4089897654964
20200125,73.45286971437268
20200126,69.14239007972263
20200127,34.08285840859267
20200128,26.001979229469278
20200129,40.38125196460102
20200130,32.727809249603006
20200131,45.77508834796636
20200201,47.43113297691997
20200202,42.72703951829181
20200203,29.626272768717097
20200204,41.50838003331986
20200205,47.13238231251667
20200206,51.78799343342399
20200207,62.37908466941018
20200208,66.19863059860482
20200209,48.73163245513128
20200210,54.387115723643895
20200211,63.16841278884848
20200212,71.7741068824751
20200213,30.622913669710538
20200214,47.37548120386417
20200215,62.780647493579465
20200216,40.93960125581164
20200217,43.24878159432083
20200218,32.64121050844558
20200219,36.18911142682525
20200220,30.252228897285402
20200221,48.2426450669814
20200222,49.37415935713672
20200223,30.21345765028192
20200224,28.732016011500384
20200225,31.635759680198582
20200226,21.704929772938563
20200227,12.336286945848636
20200228,19.37703461524576
20200229,41.75111513764925
20200301,56.471402580009475
20200302,23.275694138703276
20200303,35.71879809506689
20200304,44.503885255288544
20200305,9.429749989307176
20200306,11.67594946514926
20200307,29.519796139136904
20200308,39.84349152913452
20200309,41.68411713755761
20200310,14.19629411410209
20200311,17.470257272437813
20200312,36.41330847388618
20200313,47.28898474598575
20200314,56.68913840474494
20200315,66.09822954437418
20200316,70.29256567614507
20200317,77.23177619990484
20200318,81.59396052108927
20200319,80.44931185067576
20200320,63.10482078827748
20200321,73.15854782973327
20200322,80.13207931390372
20200323,84.52404023962075
20200324,86.29238220222332
20200325,86.73603780535254
20200326,86.78431768374216
20200327,86.62420411170939
20200328,85.97381505791597
20200329,86.02184328820226
20200330,84.21423641193859
20200331,84.26168371672716
20200401,84.17581540952875
20200402,83.53190831903048
20200403,83.57913035296353
20200404,84.81239572067672
20200405,87.8545293632774
20200406,87.90317851204117
20200407,86.66234738093526
20200408,86.73945412130021
20200409,86.78773512758771
20200410,86.83603207386612
20200411,87.35040460831057
20200412,87.39888732011238
20200413,86.90995940779055
20200414,86.01859629753754
20200415,86.06663931236557
20200416,86.7538330993996
20200417,86.80211885291169
20200418,51.61910306896717
20200419,71.43098286290396
20200420,84.46226490743268
20200421,88.30438223142441
20200422,88.9152076844549
20200423,88.96420701653277
20200424,86.59754613355884
20200425,85.8100074051514
20200426,84.9944712320523
20200427,85.47298622221646
20200428,35.831336388346834
20200429,49.84661445070413
20200430,48.63018713423141
20200501,43.01920168648305
20200502,27.520385512103882
20200503,50.80321648845763
20200504,49.61935136437834
20200505,69.10097508132817
20200506,79.30132722520639
20200507,83.49390142589061
20200508,85.40614657032765
20200509,87.25201662059614
20200510,85.99982856344722
20200511,86.12429869387284
20200512,85.48286307352357
20200513,77.0996229269355
20200514,82.32023925921074
20200515,83.39951498763386
20200516,83.44669331186283
20200517,84.12470944062602
20200518,85.74092843544406
20200519,85.78887977813152
20200520,85.83684695197132
20200521,86.40394714293541
20200522,85.32914865202645
20200523,85.67590940003
20200524,83.27523129694625
20200525,83.83691903292909
20200526,85.34853836466273
20200527,85.778031285492
20200528,87.06589607956936
20200529,87.33481536716306
20200530,88.4320433475724
20200531,88.48088316277756
20200601,88.52973910246459
20200602,87.9357832228779
20200603,85.27356983772964
20200604,84.30364898977464
20200605,39.00721289418993
20200606,49.01574246583852
20200607,44.80465321721867
20200608,39.95104872662028
20200609,60.692846231039056
20200610,69.43984461209149
20200611,76.14201148400369
20200612,42.31362855043619
20200613,63.60329867799577
20200614,74.20415853834353
20200615,79.97429640232357
20200616,37.51977792001249
20200617,23.71655742743065
20200618,29.98192716540889
20200619,49.91698772051298
20200620,65.83158391809617
20200621,77.35916401112702
20200622,81.34025043732409
20200623,84.32880687378739
20200624,87.53036834761828
20200625,88.17007446563171
20200626,88.21882779172003
20200627,82.77102134500896
20200628,85.71555544537098
20200629,85.99412728505582
20200630,44.219598091976714
20200701,30.66856947481461
20200702,50.776900766979395
20200703,69.95810562256307
20200704,42.08471169915391
20200705,64.98049278922167
20200706,75.5790211563246
20200707,80.6807954530448
20200708,24.633881195086893
20200709,30.914632920452576
20200710,35.45428474865757
20200711,53.90441680004408
20200712,69.08854017791612
20200713,78.05439571853503
20200714,54.71643519233017
20200715,59.63768170299809
20200716,33.979804184738825
20200717,52.24021734681623
20200718,65.9611341161393
20200719,72.48087497998809
20200720,78.74897911275828
20200721,81.91687290400819
20200722,83.26168885660458
20200723,85.20851842281225
20200724,67.55807309440964
20200725,33.23682710961102
20200726,58.013741672903926
20200727,68.16452170271322
20200728,78.61973462097573
20200729,82.37016684629668
20200730,85.1862641576668
20200731,79.25508349219504
20200801,80.80064001242195
20200802,82.17196538995678
20200803,40.048098658271265
20200804,62.52827157036082
20200805,81.57069172975928
20200806,86.15950930628459
20200807,88.33725097410147
20200808,89.95435107071255
20200809,90.00369347633828
20200810,90.0530521723763
20200811,60.425405762275496
20200812,77.29782197521965
20200813,39.55991157952961
20200814,51.53895899381138
20200815,63.39695875976434
20200816,31.148887972318224
20200817,37.47301244006828
20200818,55.89512515923159
20200819,65.29808491257731
20200820,68.46803744234487
20200821,81.9277958995637
20200822,62.6706317540699
20200823,71.97427055423098
20200824,72.93757577434187
20200825,71.12779680310406
20200826,69.91169239898544
20200827,57.05602116961752
20200828,70.08253592834131
20200829,73.96413775907922
20200830,56.29247334593382
20200831,68.43443102811207
20200901,74.19831767102377
20200902,77.65708607885634
20200903,68.50601179490567
20200904,66.04208018882609
20200905,68.98895053737702
20200906,74.38867046027332
20200907,78.82467101686036
20200908,78.94072985734454
20200909,79.28927682070207
20200910,80.9010910810421
20200911,81.43059345778782
20200912,81.81083635578004
20200913,81.96304103334559
20200914,83.94891025806962
20200915,85.74914890105339
20200916,85.07239129040256
20200917,85.12012191532065
20200918,85.68526585183767
20200919,86.67183636349499
20200920,86.72009504575642
20200921,85.36216131034456
20200922,84.20441744088122
20200923,48.308561175804336
20200924,45.680480712735395
20200925,19.67941557718011
20200926,15.364082408563297
20200927,16.70985634902921
20200928,4.383080610822714
20200929,21.588457737280518
20200930,30.78729920290595
20201001,15.273274185564821
20201002,27.459992679177446
20201003,15.912842162975071
20201004,31.784393936448804
20201005,21.746731952226085
20201006,31.70351703102561
20201007,40.59554211951586
20201008,22.640423941406002
20201009,23.41088847422712
20201010,17.11800004303452
20201011,27.009070574548485
20201012,39.39466324318194
20201013,51.58871640583637
20201014,60.0614438992076
20201015,69.0314764438226
20201016,72.19351911352656
20201017,73.29493348681487
20201018,64.1366711563526
20201019,69.48258536571464
20201020,74.25946090629829
20201021,41.15064000976744
20201022,55.15773186219868
20201023,61.44596907408673
20201024,69.4311404750832
20201025,49.467957721750594
20201026,61.673262649473756
20201027,58.68178364611973
20201028,24.869582371011898
20201029,27.509253215897257
20201030,39.02529267707479
20201031,43.1319562687594
20201101,43.680808205390306
20201102,47.59236882119964
20201103,40.43748228217934
20201104,47.92018088508426
20201105,51.768369204050614
20201106,61.04001752854425
20201107,65.70036845686492
20201108,67.95996299135658
20201109,69.69092001246791
20201110,48.537987753266506
20201111,52.07139176168657
20201112,35.10465799390243
20201113,40.503589572002845
20201114,45.440234956088354
20201115,35.739192108074505
20201116,45.3138447590707
20201117,55.79105075431593
20201118,69.31429433728356
20201119,57.835559549390844
20201120,64.77066054873198
20201121,69.67577820293148
20201122,41.59107810633985
20201123,47.63934633857697
20201124,55.342511204974365
20201125,62.281948298686096
20201126,64.54132390204911
20201127,65.69600266456385
20201128,67.13512495894678
20201129,67.9993157148795
20201130,27.453994101772786
20201201,30.48803073787258
20201202,35.00985721101753
20201203,22.71545361788006
20201204,37.48192207881336
20201205,45.32481609494567
20201206,47.462236692011516
20201207,39.62148226287738
20201208,41.682200077516576
20201209,43.7946167374777
20201210,48.830719190606885
20201211,26.56102210304265
20201212,28.350636122833116
20201213,37.55932556861661
20201214,33.360329078692345
20201215,38.87388709582783
20201216,45.725213785039095
20201217,43.301139672336575
20201218,54.75596187904802
20201219,61.625104913802325
20201220,67.25927172816877
20201221,20.887452585877007
20201222,15.397158328223469
20201223,13.342206235893327
20201224,15.606067668454372
20201225,23.29959725816156
20201226,33.11347547679362
20201227,20.389881202714925
20201228,23.044411246922728
20201229,23.118207481524234
20201230,24.19937188351831
20201231,27.946597069561825
20210101,28.140817097325357
20210102,31.369771301860162
20210103,39.481558406694376
20210104,44.04595286381839
20210105,49.86563732374684
20210106,53.587186471432226
20210107,24.459238133156664
20210108,13.836047408131817
20210109,17.27443261819811
20210110,23.732461884267906
20210111,17.99672023107581
20210112,13.517773757091263
20210113,22.469753959550346
20210114,21.297236249017274
20210115,30.254185086557666
20210116,27.595483249083582
20210117,31.575245241416486
20210118,39.02076043154095
20210119,20.51242460092713
20210120,45.02712998233491
20210121,26.80265612861182
20210122,34.88531627972888
20210123,19.69153874790454
20210124,15.610264499448444
20210125,25.294567135610492
20210126,39.77167311486291
20210127,36.7174828856097
20210128,6.6567982575717926
20210129,11.207848145176763
20210130,24.773783120383968
20210131,31.07993677339983
20210201,31.759381268334376
20210202,13.017466403576467
20210203,10.270624626469544
20210204,18.621923001579713
20210205,25.208544864475154
20210206,19.650765966280797
20210207,19.397420189995508
20210208,30.25511780960318
20210209,39.74704581042408
20210210,47.5144022766208
20210211,54.49533011755169
20210212,61.92388106641206
20210213,68.76339306856457
20210214,76.99271729866469
20210215,37.752286599025375
20210216,33.49709579510622
20210217,48.918235527000455
20210218,37.15840470395869
20210219,48.88082445036603
20210220,67.13932313618022
20210221,76.53077782461449
20210222,82.06539201772806
20210223,82.82406416535639
20210224,84.08469443980881
20210225,83.10826595462741
20210226,81.63478711692589
20210227,78.12667885479853
20210228,78.17211635035707
20210301,78.12984913082255
20210302,79.3952634172519
20210303,78.77328430263123
20210304,77.47165612580847
20210305,79.30203580408546
20210306,79.85627200628721
20210307,80.42152112710872
20210308,80.9007905936134
20210309,68.92591879007549
20210310,65.23237965068358
20210311,74.16584956241361
20210312,54.8383465835424
20210313,43.46128546978627
20210314,35.55547883637717
20210315,31.613468092897566
20210316,18.848713025651715
20210317,32.17343138966316
20210318,41.81769802783538
20210319,57.12163634730729
20210320,64.81167240319287
20210321,70.54224448527404
20210322,74.36409342629241
20210323,76.1961211578902
20210324,78.71025046709511
20210325,79.91256460896396
20210326,63.0300719847749
20210327,72.67614537950176
20210328,78.51218452821655
20210329,84.41919740685086
20210330,86.03587834589823
20210331,86.94709939878906
20210401,85.99104544669046
20210402,84.00948498249814
20210403,84.05686468853158
20210404,83.30859705153577
20210405,69.14233131582843
20210406,34.88470054591412
20210407,46.27601396205879
20210408,64.09045238438482
20210409,74.29747178384315
20210410,31.59522894266313
20210411,45.43054787954362
20210412,47.352919338900065
20210413,61.5535947407049
20210414,70.44584177839853
20210415,75.52589550156254
20210416,80.2761597698813
20210417,82.09248616932842
20210418,82.13923297754158
20210419,81.78473398254631
20210420,81.9831465843396
20210421,82.5089589758878
20210422,82.96454402976185
20210423,83.56056752257666
20210424,84.19519399315105
20210425,84.2426350110785
20210426,84.57082586851452
20210427,85.91592636132333
20210428,86.50810624216675
20210429,46.185324422911165
20210430,56.130646826041115
20210501,66.66356268663968
20210502,73.64118320649995
20210503,81.12085951082783
20210504,65.03874112017716
20210505,46.17328270198221
20210506,58.10207316784676
20210507,68.53900216603843
20210508,68.73491236756495
20210509,56.34280890711208
20210510,50.406856818323256
20210511,62.97403995237892
20210512,71.23854698800348
20210513,59.15309984473
20210514,29.361631534613615
20210515,15.987245763232503
20210516,27.432698873010512
20210517,30.27947194482113
20210518,51.434938454438125
20210519,62.5960981032799
20210520,72.86555336402553
20210521,79.82300766150009
20210522,30.62873943186796
20210523,54.6913307421611
20210524,42.72547660717636
20210525,46.68102994714565
20210526,59.31785901873965
20210527,66.29859813583792
20210528,74.08659689920312
20210529,79.460523691407
20210530,83.17736140464912
20210531,85.6509380974842
20210601,87.87045521202319
20210602,88.677576877589
20210603,85.97968100119532
20210604,83.57750724650926
20210605,81.16774599551407
20210606,83.99212113459058
20210607,85.48456339343554
20210608,85.5324300971158
20210609,85.58031260400486
20210610,85.62821091932008
20210611,83.06666736489368
20210612,83.46781423125783
20210613,84.74309908015428
20210614,86.32546592489928
20210615,86.37361025284078
20210616,87.67083991226684
20210617,85.50957635753787
20210618,53.16902394413191
20210619,28.217250871565756
20210620,51.41776926480909
20210621,28.80758261347585
20210622,50.879819114298755
20210623,64.83460946969772
20210624,73.53696249622921
20210625,63.37177370447791
20210626,68.63134287332433
20210627,75.84422115225986
20210628,76.71003537344305
20210629,52.43450652509185
20210630,33.59821954795602
20210701,49.15204942078795
20210702,64.06507793461085
20210703,71.73808740306939
20210704,29.065943193308858
20210705,28.849789599161276
20210706,55.55079220475417
20210707,68.74337240624338
20210708,75.69457969178194
20210709,78.84386233156559
20210710,38.58739929706038
20210711,56.29714232531607
20210712,65.79323984515068
20210713,69.65789272656829
20210714,72.07879506712709
20210715,73.70391561649646
20210716,78.26367951870094
20210717,81.80284177487657
20210718,82.9453072363261
20210719,83.49984447678256
20210720,83.92365196701768
20210721,84.73513404362917
20210722,84.78275332295077
20210723,84.8303883237939
20210724,68.18460843749622
20210725,28.89366521129042
20210726,14.898934874400506
20210727,22.392530499304513
20210728,50.05639650440308
20210729,63.7260351016887
20210730,75.13283313546235
20210731,59.44680377125202
20210801,59.56311779272779
20210802,69.79530950754707
20210803,75.90602054154566
20210804,70.65504795993122
20210805,77.60737233115977
20210806,65.75290679670557
20210807,41.98202802636653
20210808,52.09505583194035
20210809,67.43383392866056
20210810,59.691951045154234
20210811,70.18325520242907
20210812,75.50684479214793
20210813,78.82537502495391
20210814,80.6667403955752
20210815,82.93131033624454
20210816,52.56585873760817
20210817,19.223186887906998
20210818,36.65648297288371
20210819,52.304781859204745
20210820,61.495144173003595
20210821,34.45736842738234
20210822,43.37802481927525
20210823,62.30842045229328
20210824,72.33564458924593
20210825,77.44830379086183
20210826,79.37769711885119
20210827,80.86333131840351
20210828,80.34090923937462
20210829,80.38707776385941
20210830,80.54822194557352
20210831,81.6486123763689
20210901,82.0711369439433
20210902,82.51057590520487
20210903,82.55746074588872
20210904,81.3381442838675
20210905,82.22388440503302
20210906,83.15438726661826
20210907,84.24841332908328
20210908,85.28518472837861
20210909,84.88703627593001
20210910,71.04262202007594
20210911,70.3394933027167
20210912,74.6064497123179
20210913,77.66654791254311
20210914,56.98759301431327
20210915,63.35355101426561
20210916,71.63835543571501
20210917,74.15918740341364
20210918,78.70237255164703
20210919,80.00927631150158
20210920,81.57325954030794
20210921,82.24383392573714
20210922,82.42494016441495
20210923,82.47179673242941
20210924,82.51866877015598
20210925,82.56555628270202
20210926,82.6124592751765
20210927,52.4666582492671
20210928,66.28509193217815
20210929,42.950345643370234
20210930,61.09279102297823
20211001,56.26798469630598
20211002,37.85845319629354
20211003,17.67386219843457
20211004,38.154195199164114
20211005,29.999136293560944
20211006,20.99518961062931
20211007,31.516585514294732
20211008,41.03045298031926
20211009,51.21536380802305
20211010,56.456340322831764
20211011,64.07086161588501
20211012,40.474272029455
20211013,53.40282686574664
20211014,63.06235756198862
20211015,62.12346550647925
20211016,67.6925369182873
20211017,73.05883189977872
20211018,76.26089567579297
20211019,77.57591969861106
20211020,44.76574261161879
20211021,32.65041364706036
20211022,37.72722273182674
20211023,47.137005719353965
20211024,58.687240817166234
20211025,64.458621246632
20211026,68.80398621851025
20211027,72.36995935465855
20211028,76.1542784076058
20211029,78.94009816953036
20211030,23.838643730912246
20211031,15.699839703583322
20211101,26.214117723346195
20211102,30.266516170234734
20211103,21.151680904367183
20211104,17.483109883304657
20211105,24.826493203005622
20211106,38.34431164220681
20211107,51.94770547649565
20211108,55.977410347788336
20211109,61.20321581266351
20211110,66.69314935735527
20211111,70.78038223339178
20211112,73.97320037053687
20211113,30.1516426439884
20211114,37.14596747069871
20211115,42.61445926350559
20211116,46.93655397856434
20211117,52.57248302972538
20211118,59.527191921511886
20211119,64.90195433636356
20211120,65.90440440522592
20211121,36.94022595122932
20211122,44.28468873757465
20211123,45.28182694944602
20211124,47.94655444451851
20211125,44.34541711678083
20211126,13.397287957598309
20211127,14.757053256131567
20211128,17.39642546457326
20211129,30.89393011373799
20211130,17.00311967267599
20211201,15.762180278334029
20211202,14.105023953202622
20211203,19.379945407107563
20211204,16.671645360232805
20211205,18.370205854167516
20211206,10.803168605310693
20211207,20.95702569391955
20211208,36.17791850777977
20211209,43.87902417740699
20211210,14.983211444185187
20211211,23.9952936289187
20211212,20.82796401478947
20211213,32.624220171462845
20211214,38.98677605372936
20211215,43.38898328485067
20211216,46.82189098523333
20211217,48.98389975958514
20211218,50.07681741366795
20211219,51.385820397619334
20211220,56.56951138550588
20211221,59.412953256634566
20211222,62.64839768466817
20211223,60.598055608276304
20211224,62.06867974600178
20211225,26.810529388364287
20211226,32.817839709980134
20211227,22.72521037141682
20211228,14.095707736132356
20211229,19.459719646801755
20211230,33.148253804035114
20211231,47.01808776568902
20220101,57.94261045513501
20220102,35.434909440560624
20220103,47.518127566903885
20220104,46.80273194221075
20220105,33.177826563624485
20220106,44.08219646688654
20220107,37.89103292913367
20220108,13.488246707487379
20220109,26.03737062193926
20220110,29.78734029910561
20220111,40.17492091959842
20220112,31.142132683660197
20220113,31.846131568513563
20220114,34.40484401670481
20220115,36.64670582515107
20220116,38.64754775706123
20220117,42.69522507238624
20220118,44.75581296824609
20220119,29.819285383511858
20220120,27.40200530850156
20220121,34.48278854901331
20220122,40.828147367022105
20220123,46.660748039458454
20220124,53.00860011271632
20220125,56.974366704154974
20220126,62.153699523671825
20220127,54.50358824419954
20220128,58.21175535016946
20220129,64.77563641285784
20220130,70.35568993768597
20220131,55.6087220876356
20220201,57.93395843829538
20220202,58.81583850815383
20220203,63.168104687465
20220204,50.338693776932296
20220205,60.57420281780101
20220206,22.084340008387617
20220207,39.97530221865674
20220208,51.80476608970376
20220209,59.157150293237805
20220210,45.358054403883415
20220211,56.2851062847092
20220212,66.17196879940704
20220213,75.26686639228441
20220214,63.65526338988055
20220215,41.988224330575896
20220216,35.60783382177916
20220217,57.21608489356804
20220218,53.149928439475815
20220219,39.311134590920034
20220220,17.80789397226344
20220221,34.67163013406547
20220222,41.6322894080906
20220223,57.329753565583154
20220224,48.308693889891465
20220225,59.13005752377512
20220226,64.79020022523706
20220227,73.70812726784935
20220228,79.0177263066214
20220301,80.5018317145618
20220302,82.46366783568277
20220303,83.53603250839153
20220304,84.35758024314626
20220305,83.88248853404224
20220306,83.8144520212049
20220307,83.86176733703881
20220308,84.97241993291424
20220309,86.36444112746736
20220310,86.61296168676446
20220311,86.67505724472329
20220312,85.9810574212237
20220313,86.02908804257873
20220314,83.85163100346735
20220315,82.82501064955372
20220316,82.73703558771375
20220317,82.78399519414003
20220318,82.9901351672815
20220319,84.73620012465639
20220320,83.61063880388588
20220321,83.80946990679207
20220322,84.60750927493248
20220323,85.42575065158628
20220324,85.47390011405722
20220325,85.52176329725214
20220326,85.56964228249352
20220327,83.97047076062049
20220328,83.97056356630678
20220329,82.92265170854405
20220330,83.23088254003942
20220331,65.77528125371893
20220401,56.124202575998616
20220402,67.76067967593976
20220403,72.79151217379713
20220404,38.81111741059368
20220405,48.1284187208203
20220406,37.87065968919682
20220407,33.51522410614036
20220408,48.380886081536346
20220409,58.460469908623
20220410,69.87119469410648
20220411,79.56885918536582
20220412,84.2302222006493
20220413,82.43239491869394
20220414,82.32868503153931
20220415,81.6037084300195
20220416,83.44057256157834
20220417,87.21517941586558
20220418,87.73647721824182
20220419,87.78508739204915
20220420,87.83371361452215
20220421,87.77070318139563
20220422,86.11780745825263
20220423,86.16588322767961
20220424,86.23989529733926
20220425,83.30303828643606
20220426,83.64516502823686
20220427,83.69242445391156
20220428,83.81445790632047
20220429,83.86177322409735
20220430,83.40666683201373
20220501,83.45384751742658
20220502,84.24646468654059
20220503,84.29392263150517
20220504,84.34139624472667
20220505,83.68269636771639
20220506,83.72996818437578
20220507,83.77725560784178
20220508,84.42733758684213
20220509,85.61978536909331
20220510,86.46614186769833
20220511,86.51433263985092
20220512,86.47298480462551
20220513,86.12798745327285
20220514,86.17606658362872
20220515,88.10524648073486
20220516,68.31738711559886
20220517,78.40935104895283
20220518,82.58008945443993
20220519,30.788943528651888
20220520,27.542455807311054
20220521,50.00209454810078
20220522,68.83305485317324
20220523,39.51198205524225
20220524,58.04152718566931
20220525,71.18553497876407
20220526,77.99285920124503
20220527,72.93526272995685
20220528,78.90078369943483
20220529,77.20728487611579
20220530,79.69545439127454
20220531,69.14295140367832
20220601,73.40366489801261
20220602,80.00472355508239
20220603,85.55176132115312
20220604,82.84246299483165
20220605,30.775053922955333
20220606,33.07100975013755
20220607,37.64065270527187
20220608,20.825862517029083
20220609,49.043062076917074
20220610,66.85589507121811
20220611,77.19100294941819
20220612,81.19582584044814
20220613,82.84587510701192
20220614,84.48915176614516
20220615,86.21101825187213
20220616,86.69806553385435
20220617,88.38685109516217
20220618,88.08974262580954
20220619,55.711129583792044
20220620,71.03592470266506
20220621,77.62426486385044
20220622,84.04489986867502
20220623,81.59542472650614
20220624,31.683328123856768
20220625,33.651106056912035
20220626,56.22210511555628
20220627,32.97763684062898
20220628,60.62302622154223
20220629,77.70618495649114
20220630,36.36978768727332
20220701,54.066916546417936
20220702,73.35679560328398
20220703,79.28796987670621
20220704,81.51997858688163
20220705,83.102983118811
20220706,84.03202792671392
20220707,78.11220799779223
20220708,81.6522991185327
20220709,82.38543951280784
20220710,82.95987871042831
20220711,83.7461676038373
20220712,86.58840624938753
20220713,86.56062594614836
20220714,86.46534389986509
20220715,86.51353440856833
20220716,86.56174082738464
20220717,87.00177938384175
20220718,89.61993690067709
20220719,92.68265624278779
20220720,84.87632286058746
20220721,27.840855278447073
20220722,50.415941674186485
20220723,69.78456973122957
20220724,82.28499579105191
20220725,83.8367078329018
20220726,79.18228158249609
20220727,82.66263393681312
20220728,85.62561411725895
20220729,86.02829441958815
20220730,86.07634063625451
20220731,73.99359646335277
20220801,81.12314037728807
20220802,84.375914292885
20220803,85.9311542586888
20220804,85.9791684044975
20220805,86.02719840219302
20220806,86.07524425700888
20220807,86.1233059741803
20220808,86.17138355894424
20220809,86.2194770165394
20220810,87.6253116054509
20220811,89.82981683076478
20220812,90.64816415574302
20220813,91.26908538511347
20220814,91.31886185072722
20220815,41.664191824953036
20220816,65.72303555687176
20220817,24.845065734974504
20220818,45.5084827228847
20220819,20.30757206753593
20220820,46.48597208485658
20220821,65.34586444007094
20220822,77.46094814323895
20220823,81.23687044000535
20220824,83.90963334059634
20220825,85.24210824240936
20220826,84.4500792006294
20220827,84.49760436899614
20220828,84.71738803241395
20220829,84.76500145288382
20220830,84.99776361300623
20220831,86.00089691692773
20220901,86.89133315407159
20220902,88.4269142716317
20220903,68.21294738549868
20220904,77.9145875104842
20220905,58.071295971711194
20220906,42.830281972029056
20220907,58.627669264087096
20220908,33.32259139384034
20220909,40.992416714672004
20220910,17.82436904528814
20220911,35.166641938714406
20220912,55.07349481092156
20220913,55.44181919563215
20220914,13.458685545149628
20220915,34.5791840755308
20220916,19.83347597689498
20220917,20.564599149788034
20220918,13.799313239294712
20220919,33.053192072631376
20220920,45.704474839174836
20220921,58.44115147977277
20220922,68.28619980790893
20220923,61.83034784535815
20220924,33.17196149224165
20220925,48.529424533612705
20220926,22.733476497878122
20220927,10.985447921670287
20220928,16.68075828628089
20220929,28.206343809907594
20220930,36.790080261847706
20221001,37.731384627990394
20221002,33.11329155494558
20221003,43.48538149729054
20221004,57.47038249788809
20221005,65.71612749848262
20221006,73.07142169116172
20221007,70.21760411323413
20221008,49.42514114430514
20221009,61.487120429465065
20221010,66.24656072082396
20221011,70.63042513041344
20221012,74.39473551920103
20221013,75.42234968652706
20221014,58.436980328592654
20221015,43.38787953907749
20221016,57.62196681080875
20221017,24.40141585083397
20221018,36.46408805057324
20221019,51.26428072062293
20221020,53.28639659643195
20221021,62.97372349501647
20221022,69.54656914101936
20221023,74.40660215305957
20221024,64.60774595113868
20221025,69.63509714415125
20221026,75.37619637940358
20221027,78.63331229485513
20221028,79.53267543339064
20221029,81.60183024945282
20221030,80.9449474122588
20221031,79.68009998496946
20221101,60.343596628928516
20221102,71.50364237289244
20221103,34.76611709698468
20221104,41.375170291996625
20221105,51.62450806909532
20221106,32.14408372391746
20221107,45.47063907968424
20221108,61.70975715921229
20221109,69.36325528874498
20221110,73.63714055078245
20221111,74.7450086865947
20221112,75.30653081958697
20221113,75.6133431128921
20221114,75.98108409611878
20221115,45.39536094220692
20221116,21.38559244935305
20221117,22.991734162231676
20221118,15.213148051005657
20221119,21.628761524953
20221120,20.94303981996688
20221121,13.958221073554746
20221122,27.679925198503877
20221123,27.489695980857714
20221124,25.44133772247836
20221125,25.62297429613701
20221126,34.527337602389316
20221127,15.029643323164233
20221128,17.393017457794375
20221129,18.122749082621645
20221130,19.63522207661585
20221201,23.389110898327218
20221202,32.699004754135736
20221203,42.46221072555597
20221204,49.39938690551386
20221205,50.71617404091263
20221206,48.30978745771632
20221207,24.492611205136082
20221208,10.120315101187039
20221209,11.954095886924405
20221210,14.012207066580354
20221211,20.25273370107268
20221212,25.46789592781833
20221213,32.02910242748109
20221214,38.745117981795076
20221215,42.36164939931604
20221216,46.065989104763794
20221217,48.94519985966101
20221218,26.145201413444614
20221219,25.827424703806482
20221220,12.054221815965354
20221221,13.207460404447286
20221222,7.897635698918378
20221223,8.83592856610682
20221224,20.671033375289458
20221225,8.923755394120164
20221226,23.664219798964798
20221227,35.17848007683433
20221228,35.53376594129355
20221229,34.87394350736693
20221230,24.229676211808858
20221231,27.246738389250837
20230101,33.749623394319705
20230102,37.71813529665859
20230103,31.91872094450381
20230104,35.168913930725424
20230105,45.54616144988473
20230106,54.0810125709871
20230107,54.95364612175141
20230108,43.595480042344526
20230109,20.527486553561257
20230110,25.93119123083965
20230111,30.082440587218272
20230112,11.068937307728682
20230113,30.63429208690455
20230114,20.04223572890135
20230115,36.42171883602488
20230116,13.64522004244032
20230117,15.003409936453075
20230118,24.832642057420582
20230119,19.404526336309203
20230120,5.292454348309056
20230121,10.249698395794647
20230122,16.59467313614316
20230123,24.723673195265288
20230124,34.17920597376669
20230125,38.66399028195142
20230126,41.096134957862915
20230127,52.08844105842805
20230128,58.880189216907354
20230129,64.86781802379653
20230130,70.16930480699875
20230131,72.23591865065902
20230201,75.54240488102062
20230202,77.0042420957611
20230203,64.32408879930733
20230204,52.93512844276674
20230205,57.67189848128811
20230206,60.35555045371531
20230207,61.76238856095437
20230208,69.68643807178888
20230209,73.33342148851365
20230210,73.8043482564796
20230211,74.22212267027855
20230212,75.80445743288375
20230213,76.28663585087743
20230214,76.91078595343329
20230215,78.50913136845251
20230216,78.73418150269661
20230217,78.77981956546418
20230218,60.79169461016059
20230219,66.8596294557914
20230220,69.7187320581652
20230221,70.44581398544136
20230222,47.80228027632085
20230223,51.570800759395176
20230224,54.933157943019424
20230225,55.19472671825052
20230226,66.84301298806628
20230227,72.28563820363047
20230228,76.16906627793564
20230301,78.63907611846274
20230302,79.80189588630029
20230303,79.88032470817635
20230304,80.10907747523504
20230305,58.60584611626488
20230306,25.217262207050698
20230307,7.538008627318819
20230308,4.671210125330029
20230309,2.902088856090683
20230310,10.887525605868303
20230311,24.971859786236294
20230312,29.799343976052484
20230313,50.596326722579846
20230314,38.20645447124034
20230315,45.114854674268955
20230316,64.80376130947764
20230317,75.38705501800489
20230318,53.45046370957778
20230319,58.18646166199056
20230320,62.034171356572095
20230321,60.57191462215567
20230322,66.38124771884995
20230323,58.860255310383266
20230324,50.62332442817534
20230325,62.1259286321218
20230326,29.293976512891643
20230327,45.55294372006742
20230328,57.099430817305276
20230329,69.35607905914415
20230330,76.36782923134871
20230331,23.653916298741084
20230401,9.179232842414672
20230402,23.99901742740909
20230403,45.685665694867694
20230404,60.95935875807892
20230405,70.61749368010665
20230406,23.154615485302955
20230407,32.78414401519783
20230408,46.30521381482077
20230409,61.55360306742281
20230410,49.04433891366328
20230411,51.95445949486376
20230412,33.92976359155911
20230413,38.07679938470093
20230414,58.414178334806245
20230415,71.32785109227106
20230416,73.96652841859522
20230417,77.33553381207938
20230418,80.13544936587957
20230419,83.75082348657747
20230420,83.7981177954287
20230421,83.84542771851231
20230422,43.528766857520914
20230423,38.12309836718028
20230424,25.682719524796358
20230425,44.50279734831852
20230426,57.403352076593805
20230427,72.14295253802648
20230428,72.18026806855097
20230429,77.07696866612478
20230430,80.90773552621656
20230501,81.56685751382147
20230502,82.67726083175873
20230503,84.05763483552964
20230504,86.02096069382469
20230505,33.242018331374155
20230506,47.92592614521389
20230507,57.92502885882684
20230508,64.26473248248138
20230509,17.838253792017756
20230510,15.253813039098867
20230511,31.707725249761857
20230512,39.50318411247208
20230513,62.74718492698971
20230514,69.05765202240178
20230515,59.153110186249506
20230516,69.68090670472866
20230517,76.70664170560758
20230518,80.22135288369623
20230519,83.37955437232932
20230520,84.93342067379388
20230521,84.9676655300446
20230522,81.7537460919591
20230523,82.52256199606592
20230524,83.11662294818692
20230525,83.43142621184322
20230526,84.68024232141097
20230527,85.40721618366177
20230528,85.45505735113404
20230529,85.50291431338427
20230530,85.55078707562711
20230531,85.59867564307893
20230601,85.64658002095786
20230602,85.69450021448368
20230603,87.22289110709325
20230604,87.36015190200962
20230605,86.63269551631616
20230606,86.68094127621337
20230607,86.72920296446487
20230608,86.77748058632943
20230609,88.71395129616558
20230610,90.00217734465875
20230611,90.05153554014534
20230612,91.29830165216367
20230613,91.34808776353806
20230614,91.39789031181431
20230615,90.49640245538264
20230616,90.50167025546514
20230617,90.55119335870879
20230618,87.81552885161446
20230619,87.79399057987862
20230620,47.94065820490491
20230621,67.74636571989376
20230622,36.32410705780701
20230623,60.896931085926006
20230624,75.28877128489539
20230625,85.67389391085469
20230626,85.72182312207069
20230627,85.76976815713232
20230628,84.84045363511031
20230629,79.92550693620284
20230630,83.43321413983692
20230701,52.63118875170633
20230702,75.63895475276726
20230703,82.29045734605272
20230704,63.935972150765075
20230705,50.88941297632687
20230706,69.83139680647888
20230707,84.44444347341428
20230708,87.39231480949644
20230709,54.12617893121029
20230710,73.18255724071764
20230711,82.21688507173599
20230712,69.53225294439588
20230713,77.75843072197974
20230714,83.97837929748515
20230715,69.63129920058887
20230716,80.69867884511602
20230717,82.95510959219182
20230718,84.68068972781975
20230719,84.7282910323317
20230720,84.77590805243076
20230721,84.82354079330545
20230722,72.69314695040615
20230723,69.49175381846263
20230724,58.558407505907724
20230725,73.10449180934836
20230726,65.72245508252185
20230727,19.456448045307486
20230728,39.559263840904414
20230729,60.86486979449998
20230730,38.70242950843837
20230731,19.84080531025969
20230801,46.76206014422902
20230802,34.763475272454855
20230803,24.00219835291319
20230804,42.44191476043316
20230805,25.70449262553985
20230806,16.742567636362818
20230807,47.17607852269126
20230808,31.587589949754182
20230809,50.602255790135764
20230810,69.56664758556445
20230811,76.51513778047598
20230812,46.100910361049884
20230813,62.7886581313041
20230814,76.35623872439946
20230815,79.81059226741776
20230816,82.21555152641618
20230817,82.2623389646995
20230818,82.30914184987171
20230819,82.57649467065042
20230820,83.58658568303836
20230821,83.63382576872203
20230822,83.64150232330341
20230823,83.68876053973483
20230824,42.38398293981046
20230825,54.77134347270526
20230826,68.16776508084976
20230827,35.228864735220355
20230828,49.89348865534205
20230829,61.23358030867141
20230830,36.98071144100579
20230831,55.50066600390592
20230901,20.33920182399603
20230902,30.15713930657405
20230903,50.435883509630244
20230904,67.93733543413018
20230905,79.52333737619685
20230906,82.91670372631816
20230907,84.29349852175051
20230908,84.34097199495203
20230909,84.38846114153712
20230910,84.93188564400624
20230911,52.8940620028446
20230912,38.015641215946665
20230913,54.594677694013114
20230914,66.10548945355691
20230915,73.8846136616245
20230916,58.10544398187635
20230917,62.867817710032064
20230918,37.92547221156298
20230919,60.91512182204936
20230920,73.58246044092732
20230921,26.11597854388583
20230922,29.09602521174125
20230923,44.449184925761095
20230924,62.17452830197172
20230925,70.99860345637718
20230926,75.15518281966118
20230927,78.77505657369643
20230928,80.82893872221409
20230929,49.47209735600697
20230930,57.84483690795486
20231001,68.4219377001355
20231002,75.18803354343119
20231003,70.29772847693735
20231004,75.31493894888143
20231005,78.21490804467759
20231006,80.31016954972527
20231007,81.84684161957681
20231008,81.65138559947395
20231009,80.72708475774456
20231010,82.43155537890094
20231011,82.47841413093074
20231012,37.82876113602107
20231013,25.545960595276963
20231014,48.09236397655628
20231015,37.23741501673374
20231016,45.501337395235986
20231017,58.605072712180295
20231018,30.908549480083277
20231019,42.0827195543811
20231020,11.644295923874093
20231021,21.22572332671116
20231022,21.998371839287593
20231023,13.178011408358483
20231024,23.2829499982285
20231025,8.247734795634223
20231026,6.32644685004556
20231027,9.105403108446069
20231028,21.47723104452899
20231029,43.70117549686048
20231030,13.26603208010847
20231031,8.983783623739631
20231101,21.305066903656886
20231102,34.20604062221787
20231103,36.29435519696427
20231104,18.349574600552632
20231105,21.67208556857274
20231106,35.96592728438926
20231107,43.55457162853387
20231108,17.763999379967128
20231109,20.17559453333117
20231110,17.979767468190126
20231111,27.35668742759461
20231112,30.006105806844264
20231113,24.43865649027972
20231114,15.964967957678251
20231115,31.65580252483971
20231116,37.82742519724802
20231117,39.266656608816845
20231118,12.357916708117997
20231119,25.82652945214812
20231120,32.29983869181717
20231121,36.4283238876337
20231122,40.39229409442251
20231123,50.84795951216679
20231124,34.95801806006506
20231125,38.2610912660045
20231126,33.13826376932572
20231127,6.072558906746234
20231128,18.088412764202737
20231129,14.843365906182802
20231130,15.484590269344125
20231201,21.5016585125782
20231202,25.718043700621013
20231203,24.822672382594316
20231204,18.169958716708003
20231205,20.749533357426785
20231206,23.797501891856264
20231207,31.378183448811516
20231208,25.821052068266205
20231209,16.66885724114492
20231210,26.632846528786533
20231211,41.20494583135519
20231212,13.387995565136704
20231213,16.58304284108406
20231214,23.167919633812627
20231215,33.91817086873024
20231216,41.45311535233006
20231217,50.267377105548945
20231218,55.56186054846933
20231219,14.246812460549144
20231220,25.907816108820498
20231221,39.38263536589648
20231222,51.10278675992556
20231223,63.42373355134044
20231224,20.508113377139555
20231225,15.054081028930037
20231226,21.868645917087665
20231227,27.32263275843314
20231228,48.00998813810297
20231229,39.8250170293186
20231230,51.9623393024301
20231231,42.78140944769535
20240101,25.630883711678837
20240102,20.077773429385033
20240103,18.922620041422437
20240104,14.292640823500795
20240105,16.8997967359588
20240106,26.180164962674837
20240107,38.0955801426291
20240108,51.850513011325326
20240109,63.5431581665959
20240110,69.64636566512719
20240111,71.24289179276451
20240112,71.9005843721672
20240113,72.47200805986142
20240114,35.07662979485472
20240115,16.543576581294467
20240116,30.359553655894093
20240117,37.58863672830204
20240118,34.58576380144455
20240119,41.71345410137331
20240120,50.43408785371504
20240121,63.294695950760314
20240122,48.33833515676635
20240123,40.22003021728326
20240124,55.50183882477385
20240125,55.72610190086182
20240126,40.01234550419836
20240127,46.23107534463801
20240128,59.72440251001704
20240129,67.47875146634253
20240130,70.0612218698854
20240131,67.36211444360839
20240201,40.00585448349471
20240202,49.88809878603311
20240203,49.17611085616319
20240204,58.284607334851906
20240205,66.12531627563227
20240206,38.922384306601664
20240207,11.860453877899607
20240208,5.768492712846049
20240209,21.057532189573184
20240210,30.130858965064157
20240211,17.84337877482087
20240212,28.503066483197152
20240213,41.614076427024344
20240214,34.093144007626975
20240215,31.918564433019228
20240216,36.35408445647675
20240217,49.940383367224925
20240218,28.15338602123118
20240219,37.58774934691023
20240220,47.95567499066598
20240221,28.269937757924733
20240222,25.08898881505468
20240223,24.26426635794833
20240224,37.05366282285003
20240225,50.23815708942493
20240226,21.019792459605846
20240227,34.40426773294769
20240228,45.039218981754644
20240229,25.76098268568424
20240301,22.50851086802964
20240302,42.01165262711709
20240303,48.878518211548275
20240304,57.60015387351177
20240305,60.85506964699287
20240306,64.21422223051076
20240307,70.04432012809278
20240308,76.8315428525143
20240309,80.58306972442867
20240310,81.4696293327424
20240311,22.370560564939115
20240312,12.90626019020675
20240313,27.923171087571674
20240314,51.94838960867746
20240315,61.30204963637809
20240316,59.4818948823714
20240317,48.929870379777206
20240318,57.45428783032643
20240319,67.379248502652
20240320,72.09612124972709
20240321,74.36030302285822
20240322,23.130004060956562
20240323,40.535552564838675
20240324,46.65324253922724
20240325,60.989409845132144
20240326,70.35957837665467
20240327,75.96944086432096
20240328,56.64128960686181
20240329,67.89303704553369
20240330,25.79675149264548
20240331,27.241658224012646
20240401,45.9749303653687
20240402,46.99479798746878
20240403,43.862587309951905
20240404,31.908363142024605
20240405,49.394018597156794
20240406,72.89698813814509
20240407,79.24392555020493
20240408,55.871209706833625
20240409,57.55469029950126
20240410,70.44471805348918
20240411,70.86103077961496
20240412,77.44962917261537
20240413,82.11284971763875
20240414,83.28656063227506
20240415,51.60262454581212
20240416,29.49713255591358
20240417,30.599334259948883
20240418,39.355977644793974
20240419,27.55272330147132
20240420,40.89647517288874
20240421,33.92577241367049
20240422,50.18946625163175
20240423,47.934745149267
20240424,61.8728924913406
20240425,48.51428486314506
20240426,38.66877720762718
20240427,36.98375941356772
20240428,60.27493499351357
20240429,71.92073163705216
20240430,77.82931369152281
20240501,65.61481130363009
20240502,49.6742878732904
20240503,22.59096778377114
20240504,18.269587669931315
20240505,37.10018189409068
20240506,32.214162454176304
20240507,38.85460620361945
20240508,49.29590929671039
20240509,60.04093412477626
20240510,71.31984264101159
20240511,79.3041538636032
20240512,83.68873609419127
20240513,83.87438039303018
20240514,84.27576328132123
20240515,30.520166355584994
20240516,12.595441334146273
20240517,21.647540702536045
20240518,24.02840320929613
20240519,15.435042487032973
20240520,12.768820762106518
20240521,16.985853387135126
20240522,40.72376883447224
20240523,36.77323224353901
20240524,8.591740475578126
20240525,12.297827678558159
20240526,23.592995996957402
20240527,35.829334072113845
20240528,26.00243316570443
20240529,40.30044525461905
20240530,37.87799329844035
20240531,23.937418477403142
20240601,19.008541218330976
20240602,42.710737977971846
20240603,54.3849757995784
20240604,68.99861778481885
20240605,70.57384989289284
20240606,77.2816569877062
20240607,81.24010652362973
20240608,81.84333177984364
20240609,82.99202401499447
20240610,31.46141747113606
20240611,32.21747875617347
20240612,51.23854601748283
20240613,69.09225183319106
20240614,30.10810567959297
20240615,44.92007165873411
20240616,54.50836081369475
20240617,68.97057946700501
20240618,26.1595103739864
20240619,48.57309015508094
20240620,64.70074353689604
20240621,32.15174030528834
20240622,50.275432778274926
20240623,66.34055394007467
20240624,76.85504464497744
20240625,82.89092366698586
20240626,85.4168581304203
20240627,85.62644279150007
20240628,85.42307502022075
20240629,66.44334965319337
20240630,54.359094797775725
20240701,69.49969685683621
20240702,34.69384537350399
20240703,28.525211258534174
20240704,39.65553404899938
20240705,49.68610345119474
20240706,40.57503294412631
20240707,58.43299660448052
20240708,70.20799560015477
20240709,52.56982312798827
20240710,65.07379582998546
20240711,75.1542960599149
20240712,24.149596134542374
20240713,37.536060648041364
20240714,57.604178193922216
20240715,43.46873499297223
20240716,42.61617409098985
20240717,59.00907024885909
20240718,73.9917580116433
20240719,82.41752766026285
20240720,85.2979360742641
20240721,83.44731307347428
20240722,83.54500730344171
20240723,37.48698874517564
20240724,57.25042773410494
20240725,61.10582616171693
20240726,62.686012894341
20240727,72.76386424772595
20240728,79.28951463752274
20240729,83.55447780587465
20240730,85.80855905498015
20240731,85.75219847563
20240801,55.5804298535278
20240802,66.69357653539362
20240803,59.29594732319843
20240804,69.3538183845514
20240805,77.50115253476167
20240806,82.89348320693944
20240807,51.68114793685717
20240808,71.8696346924846
20240809,69.15424280710725
20240810,77.9705309628568
20240811,82.26276375605315
20240812,85.76096859552834
20240813,84.86776594978014
20240814,49.12378295715564
20240815,69.52592030080939
20240816,25.558578337035474
20240817,49.736132507523905
20240818,65.1715101920205
20240819,74.1566421656106
20240820,32.070980437291524
20240821,59.576497028028584
20240822,77.81206965742456
20240823,82.3130945312874
20240824,54.59863191589755
20240825,70.46721283410689
20240826,78.11145772207551
20240827,81.3402038652257
20240828,83.37913713300584
20240829,82.93731253996359
20240830,82.98433826789483
20240831,83.50131549919479
20240901,84.18561906898091
20240902,84.23305692574384
20240903,29.577923532614932
20240904,43.167209406779854
20240905,56.188973774880516
20240906,54.25548073692045
20240907,36.08308640600892
20240908,58.00167600325485
20240909,68.07398767950089
20240910,32.11828162284701
20240911,27.038458992596894
20240912,21.00224304777592
20240913,35.05951235421108
20240914,49.514411063678544
20240915,60.272188208350684
20240916,68.18576663292603
20240917,74.18498318476723
20240918,76.92003708486169
20240919,79.78641235319776
20240920,81.33720239710763
20240921,82.1983676857519
20240922,59.611417768748254
20240923,66.73969796770398
20240924,52.42123082672663
20240925,28.9644415867876
20240926,28.7188543110543
20240927,27.59306955746863
20240928,22.831192636351737
20240929,37.91711127136826
20240930,23.490386961418903
20241001,32.32499575768082
20241002,41.078454094719625
20241003,53.619338633692955
20241004,60.67261688614655
20241005,67.17047352759953
20241006,72.13827758419059
20241007,76.43704041927106
20241008,79.01256549634948
20241009,39.63122524779401
20241010,31.687463176199863
20241011,40.35660415125462
20241012,43.621306057886535
20241013,56.96546771337285
20241014,20.137406389684244
20241015,27.984168602982788
20241016,48.94609910103894
20241017,59.44117758576372
20241018,62.95342142754666
20241019,64.54651976223018
20241020,61.970771789510216
