0,1
20180202,0.0007387224094245758
20180203,0.00043399631466230833
20180204,0.01605422841435842
20180205,0.11209629810840277
20180206,0.2608700519975277
20180207,0.43837283896683715
20180208,0.603919182473414
20180209,0.39305627785228076
20180210,0.32486357079977346
20180211,0.061511426134771965
20180212,0.3596569706794986
20180213,0.6574055488074052
20180214,0.8707015971564865
20180215,0.009465538912829283
20180216,0.0623793730277518
20180217,0.25847046143346764
20180218,0.43267327191940624
20180219,0.5524257633886218
20180220,0.6604863383701836
20180221,0.7770797650467558
20180222,1.0991857778078866
20180223,1.3113692310369585
20180224,1.9707779051835739
20180225,2.2813102512232994
20180226,2.1238272425901923
20180227,2.062670910669196
20180228,2.2952728287137956
20180301,3.1074710554618066
20180302,0.9560971242788179
20180303,0.8345384644481406
20180304,0.08417484598417517
20180305,0.3563474664419654
20180306,0.5461587807032809
20180307,0.30402254761580433
20180308,0.058963883823466116
20180309,0.003383425224986193
20180310,0.006476458835388199
20180311,7.952650006555033e-05
20180312,0.0005192084353157756
20180313,9.029603213673838e-07
20180314,0.002413730205341465
20180315,0.00023730276017592505
20180316,0.0009669459101064934
20180317,0.061266765255577504
20180318,0.5072176048242717
20180319,0.8286297735866573
20180320,0.8907429569067855
20180321,0.8903268632913519
20180322,0.001687992129223729
20180323,0.04995640010480813
20180324,0.3027092300223267
20180325,0.5655414588352187
20180326,0.6417542022519527
20180327,0.07600881512652566
20180328,3.553346776187595e-05
20180329,0.010673890310782775
20180330,0.006490819140974208
20180331,0.0015750604905509686
20180401,0.0010704781991861569
20180402,0.05344315530154454
20180403,0.10291205248379964
20180404,0.10264382005498196
20180405,0.014011695822548048
20180406,0.49896437974771257
20180407,0.9242868894264809
20180408,1.163869229363884
20180409,1.3134083029931471
20180410,0.024220368851193923
20180411,0.005571656094030617
20180412,0.018773849259997796
20180413,0.10120251752754922
20180414,0.001379834927832774
20180415,0.03287969515378114
20180416,0.23990361924367778
20180417,0.6998989223953722
20180418,1.3353424924831434
20180419,2.769946728710581
20180420,2.7608745456706107
20180421,2.67023654003994
20180422,0.33319000460644527
20180423,0.7937868572691513
20180424,1.0183621210423133
20180425,1.141567523022652
20180426,0.9703702699971519
20180427,1.178629734723311
20180428,1.3850840567948073
20180429,0.00011997569059226538
20180430,1.3682418810132369e-05
20180501,0.007721771217468822
20180502,0.372916406431221
20180503,0.6524074874212907
20180504,0.9694854621684258
20180505,2.036465090456248
20180506,2.8907662943226886
20180507,3.0195795253608244
20180508,3.184114017348339
20180509,2.3231509835632607
20180510,2.180668163095524
20180511,2.0041236312241826
20180512,2.4375178838485194
20180513,1.681830876657451
20180514,1.64085277060597
20180515,2.548337861980518
20180516,2.221512014134793
20180517,2.213101196894978
20180518,2.071822583947571
20180519,1.461480586595114
20180520,0.4020551313360681
20180521,0.7956064364437649
20180522,1.2652699566395529
20180523,0.051291145794298096
20180524,0.029526885024227262
20180525,0.23674504618845302
20180526,0.8587859365623001
20180527,0.044670739925547084
20180528,0.6191140023420866
20180529,0.021534263444742876
20180530,0.34711739181105516
20180531,0.0005058459334981758
20180601,1.4298869035836629e-05
20180602,0.0014755625357149166
20180603,0.12686921226936
20180604,0.4461444833598124
20180605,0.6969171711936996
20180606,1.0716465142139695
20180607,0.6540039730845207
20180608,0.691900675549219
20180609,0.9302314644361486
20180610,1.2935059922219163
20180611,1.9519352474148304
20180612,1.895351762751379
20180613,1.8083432018925163
20180614,1.8401853351673603
20180615,1.7662624371578808
20180616,2.307234876340622
20180617,1.8210373981660815
20180618,1.9457901281852226
20180619,1.6404769200136307
20180620,1.7896177825220727
20180621,2.2043848951641785
20180622,2.098277026651676
20180623,1.982651275407723
20180624,2.0151936420764134
20180625,2.0301043851334515
20180626,2.321875030868011
20180627,2.5015590516618667
20180628,3.269148099415337
20180629,3.308208375114488
20180630,3.6489602269237684
20180701,6.121233618138516
20180702,6.141079285628236
20180703,5.9708676874830555
20180704,4.057254623507772
20180705,3.1291425230913417
20180706,3.022881719419443
20180707,3.133346301353573
20180708,3.3013810272347675
20180709,2.901636621874289
20180710,2.110118298561825
20180711,2.126364639907362
20180712,2.1290443467787075
20180713,2.0682679866351754
20180714,2.6029982055079697
20180715,3.2742526403587955
20180716,0.5890877305273833
20180717,1.019792859738098
20180718,1.5809637054079013
20180719,2.1416397138287913
20180720,2.5379927216338367
20180721,2.7667803721589297
20180722,2.716183244314712
20180723,2.8208057689164745
20180724,3.265409332657203
20180725,0.2995327671565166
20180726,1.4567507345713775
20180727,3.3096330986671814
20180728,1.242419848943369
20180729,2.6275652961462974
20180730,2.6731439263777195
20180731,2.7046124952313804
20180801,2.6836296469039995
20180802,2.881969446825584
20180803,3.2554242111352534
20180804,3.326244285049885
20180805,3.3492859727664213
20180806,3.5869055182006067
20180807,1.1925576002714828
20180808,1.2935189757011467
20180809,0.1692801532660847
20180810,0.45687467373201845
20180811,0.7776145701694746
20180812,1.9317637883335586
20180813,0.17763946020521973
20180814,0.13237686748150357
20180815,0.6214406059974185
20180816,0.12208985623075339
20180817,0.12413984428229816
20180818,0.617927137496081
20180819,0.9099202857343488
20180820,0.9933920290078088
20180821,1.2055622575767988
20180822,1.2416514357208241
20180823,0.7022910437574933
20180824,1.3101818271441537
20180825,0.0016802408131994448
20180826,0.009538360320123103
20180827,0.35838181245830847
20180828,0.5989646063302277
20180829,0.0012823265841870205
20180830,0.142730669590527
20180831,0.4393325183536864
20180901,0.6812445659804252
20180902,1.0697243084054557
20180903,1.1428456502964794
20180904,0.03461770177867783
20180905,0.2345472907102031
20180906,0.5193990812357544
20180907,0.0932008433292872
20180908,0.5386445166139271
20180909,0.9450445968953202
20180910,1.267912519323354
20180911,1.949802976505024
20180912,0.5450757179320612
20180913,0.6962399876674663
20180914,1.0009853020221884
20180915,1.1422324512494852
20180916,1.3997788941464946
20180917,1.7916342592006642
20180918,2.7519591255754796
20180919,2.674191187307527
20180920,2.6919433709847285
20180921,0.625077688582205
20180922,0.03133620829346073
20180923,1.7687507889041792e-06
20180924,0.00031750387577541525
20180925,0.0191496100452001
20180926,0.34342952799273063
20180927,0.6183755349690656
20180928,0.860122656065614
20180929,0.9158741655142677
20180930,1.0776539936134706
20181001,0.721235600817261
20181002,0.6530528151132732
20181003,0.8443374994132122
20181004,0.9127116046235456
20181005,1.0301051372211416
20181006,1.1919302399944574
20181007,1.3900486848331006
20181008,1.2376913531435565
20181009,1.2787594105620799
20181010,1.6278436435667731
20181011,0.388271847072553
20181012,0.7652312363979453
20181013,1.1597216306485023
20181014,1.6606346726273127
20181015,1.8431303929873613
20181016,1.7811448393072418
20181017,1.3825755797866246
20181018,1.5066259636118056
20181019,1.4548185360532044
20181020,1.308074333311857
20181021,1.3417754460147184
20181022,0.6415549558614643
20181023,0.9418314313443253
20181024,0.9381850242128654
20181025,1.072494599909063
20181026,0.009044016446851528
20181027,7.692244799233482e-05
20181028,0.02335911514869725
20181029,0.11594343374415012
20181030,1.1279615870416907e-06
20181031,0.0008647427994226436
20181101,0.016290128120926634
20181102,0.11146294184302535
20181103,0.2314028464683636
20181104,0.3661988260941414
20181105,0.45947828542813246
20181106,0.734699141065095
20181107,0.9820062958150251
20181108,1.0334068112513901
20181109,1.0384572781218362
20181110,0.022455222454861538
20181111,0.00026069613561233444
20181112,2.765951665308468e-06
20181113,0.002110198482903906
20181114,0.01932661814163218
20181115,0.09687203422824674
20181116,0.10596979601286485
20181117,0.394784967696996
20181118,0.7220732300739536
20181119,0.9349702930564842
20181120,1.0781060487152467
20181121,0.9006334045883299
20181122,0.9161349986945198
20181123,0.9616296714374173
20181124,0.9588693554137948
20181125,0.9651405515441265
20181126,0.0052034044041869105
20181127,0.014001994370832068
20181128,0.0021056154396314917
20181129,0.005608755102055899
20181130,0.1153721056445385
20181201,0.015723952074391475
20181202,4.1115351445459915e-06
20181203,0.001093458995814594
20181204,0.008782598306575254
20181205,0.005285502958985836
20181206,0.001813067126520606
20181207,4.0284749667860974e-05
20181208,0.0008965104897390198
20181209,0.00032281103438216963
20181210,0.0017585909293685554
20181211,0.012233739472202082
20181212,0.023414954238843936
20181213,0.0811078633950515
20181214,0.10315967129009754
20181215,0.007864821689060213
20181216,0.0025568334017338694
20181217,0.016344413506880196
20181218,0.15515183240912855
20181219,0.27895341429723625
20181220,0.40891639078760095
20181221,0.0008155865674705358
20181222,0.00013239833593178956
20181223,1.3119834769821026e-06
20181224,6.805047242347901e-05
20181225,0.0006122220391223965
20181226,0.0022663462145695256
20181227,0.013191745942049707
20181228,0.023931068082547555
20181229,0.09646379202338826
20181230,0.05786786097569184
20181231,0.060398359501217254
20190101,0.11681256797950745
20190102,0.37050450163838394
20190103,0.417975271296953
20190104,0.5508821034901903
20190105,0.3736413431204669
20190106,0.4387286600168915
20190107,0.1168015709796536
20190108,0.10185294892188422
20190109,0.2912221149869225
20190110,0.2253376380349717
20190111,0.02599490342843912
20190112,0.04748972393980189
20190113,0.00040350593131506686
20190114,0.0004445386632744933
20190115,0.011341139471193716
20190116,0.0959977216595865
20190117,0.0004268853021620386
20190118,0.0006856782025140905
20190119,0.00687558276526743
20190120,0.043293954872797386
20190121,0.09100188332146267
20190122,0.009510317938524982
20190123,0.03394285794973827
20190124,0.0551526025754627
20190125,0.03717398239769137
20190126,0.0036798040307079883
20190127,5.0423735154405594e-05
20190128,2.6329952049200094e-05
20190129,0.0022983163167063676
20190130,0.0003190106901495752
20190131,0.000823495655492759
20190201,0.0015953027923292975
20190202,3.128555704018726e-06
20190203,0.0001193427148878952
20190204,0.0006440744449950157
20190205,0.004783425296026868
20190206,4.2105857536790674e-06
20190207,0.0005693024465224702
20190208,0.004869183713780384
20190209,0.22033373710004597
20190210,6.246548852768859e-05
20190211,0.0013078836271395691
20190212,0.02046742588217577
20190213,0.1413362372453845
20190214,0.40296076142299275
20190215,0.690943442018039
20190216,0.7817223267438369
20190217,1.1651302659079383
20190218,1.2498275464465785
20190219,1.424438579654413
20190220,1.4383855006279367
20190221,1.4408369534250287
20190222,1.096018421263653
20190223,1.2347180622440135
20190224,1.5769259887683302
20190225,1.9399130634661506
20190226,1.9422289463161366
20190227,1.9445738811044415
20190228,0.14272232754530095
20190301,0.009600817972567495
20190302,0.07408501737808049
20190303,0.010843310004730268
20190304,0.03543832498598148
20190305,0.18443620357007182
20190306,0.579772764576863
20190307,0.01083536476838968
20190308,0.011977182745447077
20190309,0.3664563041323053
20190310,0.01860029492138085
20190311,0.22420996318776226
20190312,0.17771667983352718
20190313,0.025334867500967424
20190314,0.008731272196738873
20190315,0.0007402290641540345
20190316,0.002229148046021996
20190317,0.018531977099262378
20190318,0.2181451395126564
20190319,0.44609546752382956
20190320,0.6229242608207933
20190321,0.6455138016937667
20190322,0.7510443563762973
20190323,0.87203681179848
20190324,1.0218644422028251
20190325,0.9805761981220155
20190326,1.0419153219750612
20190327,1.1390890361074162
20190328,1.1627028108874709
20190329,1.3857302435938454
20190330,1.6248556788928261
20190331,1.9559216993094053
20190401,2.2300043407391366
20190402,0.060182335505930516
20190403,0.009238922428752695
20190404,0.11306018946885284
20190405,0.515092949384962
20190406,0.7110862117996793
20190407,1.0376617770564556
20190408,1.0309730439921612
20190409,1.5058223215346331
20190410,2.219542377421933
20190411,2.1212813322682327
20190412,2.039826962720366
20190413,2.09432333409952
20190414,2.0757795420991147
20190415,2.356853923472464
20190416,2.8485900853813875
20190417,2.2168240442199436
20190418,3.263940890708331
20190419,4.281487897664573
20190420,4.277691062014319
20190421,4.221894963945544
20190422,4.919552704237495
20190423,5.063125568440895
20190424,0.3088990692527791
20190425,0.10227181314874988
20190426,0.594413656283242
20190427,0.5771935049622506
20190428,0.0028719484666194957
20190429,0.12008541537415912
20190430,0.4071740272622061
20190501,0.5727211042159015
20190502,0.34692212347644086
20190503,0.025380750123955263
20190504,0.0064946417174637575
20190505,0.012457517956221116
20190506,0.21928061181445208
20190507,0.5885829408785166
20190508,0.6074255934477288
20190509,0.03861656801676272
20190510,0.2273982792391019
20190511,0.6537284990900513
20190512,0.7874601976517148
20190513,1.360800738353844
20190514,2.0018405207487433
20190515,2.5046632384684293
20190516,2.8304578618557525
20190517,2.083843144469343
20190518,2.024288461875902
20190519,0.24717162238218018
20190520,0.3796817950307438
20190521,0.6775261269140829
20190522,0.86919395938509
20190523,1.6539108461541754
20190524,2.0098129744640265
20190525,0.17611654973880622
20190526,0.3467791528430514
20190527,0.7505304642600913
20190528,0.0036861565780334756
20190529,0.29755302182387905
20190530,0.8265526567740475
20190531,1.011931000843555
20190601,1.4812184797495682
20190602,1.814225883754012
20190603,1.8094216345364647
20190604,0.7413942917360199
20190605,0.001032961457699079
20190606,0.011346049528759025
20190607,0.4876676695870975
20190608,1.1240174358756918
20190609,1.2900942372243303
20190610,0.14065666046639674
20190611,0.5681782323737142
20190612,0.0011499878569696746
20190613,0.007521785507805294
20190614,0.3585999041082116
20190615,0.00019404628610019173
20190616,0.08673819807912747
20190617,0.6316275352950989
20190618,1.006021268355849
20190619,0.006676506516305185
20190620,0.331443154446182
20190621,0.7407808906731529
20190622,1.1327715989912759
20190623,2.0890277678369746
20190624,2.587192010848477
20190625,2.737620500272372
20190626,2.280954826423405
20190627,2.5702178852745385
20190628,2.4958881146368626
20190629,3.758250539439362
20190630,3.1604115933378374
20190701,2.842364565520593
20190702,2.680028075706704
20190703,2.7808803652966567
20190704,2.6220987376436735
20190705,2.7622584299789588
20190706,0.6195348174423573
20190707,0.8789647737650014
20190708,1.2816828299651737
20190709,1.571645279615856
20190710,1.8331422303372373
20190711,2.153735283152805
20190712,0.6604275034489968
20190713,0.7382673908397631
20190714,0.8868317464428261
20190715,1.0890446365263575
20190716,1.4134764317944575
20190717,1.8610565936987773
20190718,2.159021784370837
20190719,2.338094166019127
20190720,0.5937933077602897
20190721,0.852108006294544
20190722,1.7032115056404404
20190723,3.3031718368595513
20190724,4.242484124692472
20190725,5.577348769300508
20190726,5.249799021055806
20190727,0.2706370251614245
20190728,0.0006932622638174495
20190729,0.3470902613880522
20190730,1.1258876853748816
20190731,1.8252801668490557
20190801,1.8325314035086064
20190802,0.473848662403654
20190803,0.6547008854519858
20190804,1.1108310983798217
20190805,0.9354358781307756
20190806,1.6572061596825685
20190807,2.505017917224632
20190808,2.5076772107109244
20190809,0.2070943551611929
20190810,1.0635365876325231
20190811,1.5357936306387052
20190812,0.020257380404794058
20190813,0.011409277378003447
20190814,0.011914863643719834
20190815,0.08502620174692578
20190816,0.4907493083218914
20190817,0.023806535260687895
20190818,0.05205374409793288
20190819,0.6415886890011409
20190820,0.8444137415051968
20190821,1.1661702475046516
20190822,1.4676230642212764
20190823,1.9733215053331306
20190824,2.7314489905071584
20190825,3.3006023146214964
20190826,3.323567022910423
20190827,3.2799259166986423
20190828,1.6014863870615135
20190829,1.7582280270762038
20190830,1.7966521859144227
20190831,2.5736878374467613
20190901,0.798077735272652
20190902,1.2357343275127588
20190903,1.8051960085990326
20190904,0.1068185960927073
20190905,0.5047876052007652
20190906,0.8310331748356107
20190907,0.04509205270404677
20190908,0.29679326117593874
20190909,0.590285634252063
20190910,0.7693296080805891
20190911,0.5716507205630766
20190912,0.9420407781288728
20190913,1.1408453628890889
20190914,1.4425876122170553
20190915,1.6635365334537329
20190916,1.4896582934034917
20190917,1.6198833749226693
20190918,1.6223956521766045
20190919,1.6318843921199138
20190920,2.1441811470981222
20190921,3.556212834550096
20190922,0.7108180901270372
20190923,0.9046656461214462
20190924,0.01962597866894391
20190925,0.01969728892662598
20190926,0.00014912265202570257
20190927,0.07459760077833717
20190928,0.06765761853102294
20190929,0.002266401096408416
20190930,0.07885655388234566
20191001,5.980350982373658e-05
20191002,0.0026273672279581973
20191003,0.04337741193006107
20191004,6.853274398758728e-05
20191005,0.005886814551997963
20191006,0.000124373531689575
20191007,0.0020408193128457026
20191008,0.0017532963089357443
20191009,0.0002291896866366895
20191010,0.08455874432100219
20191011,0.3747566007925935
20191012,0.5065469247157234
20191013,0.1665240926909989
20191014,0.38599562211586974
20191015,0.640397134332936
20191016,0.001508636494319333
20191017,0.02947961990547732
20191018,0.3453175590528401
20191019,0.016428764731713973
20191020,0.06178290753986222
20191021,0.00011096594809582665
20191022,0.0018334425001587603
20191023,0.019230831552341787
20191024,0.3018263517037404
20191025,0.6652733025368385
20191026,0.7929944999383417
20191027,0.6600197530230423
20191028,0.6538059372300137
20191029,0.8054404141000587
20191030,0.9029449248250405
20191031,0.9504741819104466
20191101,0.00664219233440125
20191102,0.004643617282228762
20191103,3.212583462643166e-05
20191104,0.00020713057886775777
20191105,0.0028484542996150036
20191106,0.00297363836817999
20191107,0.00031076087865056847
20191108,0.003585852378846396
20191109,0.03912740225274021
20191110,0.09140868960397153
20191111,0.00020403230611364318
20191112,0.016789410367621622
20191113,0.00017823411126689044
20191114,0.0022119973751360345
20191115,0.02522452026820495
20191116,0.10132004802920705
20191117,0.19158469641278514
20191118,0.018307340914770952
20191119,0.05235846099443617
20191120,0.1360700573943611
20191121,0.21374280937762158
20191122,0.4499384129457916
20191123,0.5961777503710012
20191124,0.5420288461427616
20191125,0.64554761487476
20191126,0.4168118683200209
20191127,0.004459504996524566
20191128,7.674166370071346e-06
20191129,0.0003244637466734678
20191130,0.0015339856428673382
20191201,0.010269814313439712
20191202,0.03153116251926334
20191203,0.06471770487756717
20191204,0.10447850576074091
20191205,0.17637209882031638
20191206,0.0033267567322375928
20191207,0.09127901246509752
20191208,0.2353491247027486
20191209,0.00251481473508741
20191210,0.08080424636790476
20191211,0.0593934097242634
20191212,0.010129926120852064
20191213,0.00011236096907127292
20191214,0.0011073723318879547
20191215,0.006347880000318986
20191216,0.017614778310550697
20191217,0.11643242952596698
20191218,0.26969662093279423
20191219,0.61728518652027
20191220,0.444392227851364
20191221,0.19183542253551336
20191222,0.00018693208983842222
20191223,0.005530057874066634
20191224,0.025999145685998357
20191225,0.08534099329931534
20191226,1.0355917693938507e-05
20191227,3.89608073528423e-06
20191228,6.959507088822538e-05
20191229,0.003880275697826236
20191230,0.2124482323107631
20191231,0.3037438545121383
20200101,0.3579794452160151
20200102,0.47356137146584776
20200103,0.5040541014550993
20200104,0.6290585578998813
20200105,0.6809424152063341
20200106,0.6842876210760789
20200107,0.7321865000816659
20200108,0.1919658731485762
20200109,0.06422222544457015
20200110,0.1141208089923349
20200111,0.4797871857508856
20200112,0.719892634868751
20200113,0.7923830091749784
20200114,0.17196904733437585
20200115,0.32763242419483013
20200116,0.5096285925147317
20200117,0.7788658491749796
20200118,0.8078074210139428
20200119,0.7909626070843657
20200120,0.7385277312344105
20200121,0.7516024941672165
20200122,0.729050765142637
20200123,0.7819819275074733
20200124,0.7639861993102749
20200125,0.7810436227665053
20200126,0.7152625084668823
20200127,0.012359484150589253
20200128,0.0015261762232289563
20200129,0.05075202281499244
20200130,0.009388707622238366
20200131,0.12776174590467068
20200201,0.1654673825915389
20200202,0.07726619717981888
20200203,0.004226707159542982
20200204,0.06273639922477249
20200205,0.12029707917975985
20200206,0.21562183752215805
20200207,0.5260363498091954
20200208,0.6485532387868275
20200209,0.22917396966944967
20200210,0.4802185880419654
20200211,0.8649376744218717
20200212,0.9449032296695344
20200213,0.005173381495333471
20200214,0.14770816363134726
20200215,0.6499612565784418
20200216,0.06614745434482928
20200217,0.09100707136269237
20200218,0.009760243903715262
20200219,0.02192456751933591
20200220,0.005201967454413257
20200221,0.17744675048442282
20200222,0.22722758488799344
20200223,0.0054681398213854695
20200224,0.0033159309281462156
20200225,0.007553019150342827
20200226,0.00032302835570230176
20200227,5.242535163351034e-06
20200228,0.00013038707307660885
20200229,0.0710168249551629
20200301,0.42680816599949944
20200302,0.0005022528467847855
20200303,0.017410803197713667
20200304,0.08763252353409971
20200305,1.2041434436095831e-06
20200306,3.906543132805011e-06
20200307,0.0036540551390123305
20200308,0.043575942524982376
20200309,0.06312867739473574
20200310,1.6211413061552892e-05
20200311,6.571431298299266e-05
20200312,0.026386726066014467
20200313,0.15582152655387332
20200314,0.37540393963748475
20200315,0.6593487628143857
20200316,0.6949406859368047
20200317,1.072923012603954
20200318,1.6444532805556766
20200319,1.3804179801127507
20200320,0.6373380460265076
20200321,0.9921602205408776
20200322,1.5758455706911922
20200323,2.4772028575728546
20200324,2.9056376348820625
20200325,3.237419877566644
20200326,3.462867425405402
20200327,3.3008905243058866
20200328,3.3308634331860314
20200329,3.5445233526647586
20200330,2.126438907966781
20200331,2.2734421966568688
20200401,2.07328675414428
20200402,2.0843452393544406
20200403,2.15080013153912
20200404,2.271492324190688
20200405,3.684278165569097
20200406,3.785575441899973
20200407,3.031011454364515
20200408,3.0031941114367564
20200409,3.277736716743377
20200410,3.3505647369442273
20200411,3.2432096762068534
20200412,3.2329890177575837
20200413,3.840526725587931
20200414,2.7125269269209755
20200415,2.7171728667424393
20200416,3.0551659078604074
20200417,3.56020965105704
20200418,0.23054091816926223
20200419,0.8188641738216578
20200420,2.8574448869953573
20200421,4.855887266006146
20200422,4.8411802536434125
20200423,4.212524440627033
20200424,3.064454396338228
20200425,2.7289330525638995
20200426,2.3406808166946833
20200427,2.5516723961207277
20200428,0.016638593172649013
20200429,0.20200963608486724
20200430,0.17668218203282784
20200501,0.07957258033431686
20200502,0.002070420810903218
20200503,0.20275784759080548
20200504,0.19249843635212274
20200505,0.7940585470702506
20200506,1.2516919239210553
20200507,1.8751737081360653
20200508,2.4528024828343953
20200509,3.3802656641644537
20200510,3.0996777539500338
20200511,3.632366885841904
20200512,2.466620437832762
20200513,1.0516423315562162
20200514,1.869120865934344
20200515,1.9479435740840543
20200516,1.989815080237862
20200517,2.090497735562285
20200518,2.8138752475213575
20200519,2.734623777185638
20200520,2.644268161617853
20200521,2.7926022631043548
20200522,2.8370432926203466
20200523,3.3599460146725786
20200524,2.109334210080501
20200525,2.0528186992044652
20200526,2.4828239264742313
20200527,2.800146037371411
20200528,3.6962828698622676
20200529,3.5972060210083354
20200530,4.166937189060858
20200531,4.281680993865447
20200601,4.183394786919362
20200602,3.653027568743912
20200603,2.6103424506692146
20200604,2.356503121900221
20200605,0.035917779820143325
20200606,0.1992937540076377
20200607,0.10264656584374081
20200608,0.04042100966650884
20200609,0.5042578234715059
20200610,0.6694694716420442
20200611,0.9639131483105842
20200612,0.06155110215397896
20200613,0.5468179935892934
20200614,0.8505657137840561
20200615,1.2543960598027248
20200616,0.023738679700390772
20200617,0.0005783629502238167
20200618,0.003969155629892527
20200619,0.18515622651116528
20200620,0.6176951312725137
20200621,1.0780052307899466
20200622,1.4951189511374974
20200623,2.1703891016575985
20200624,3.6435934582753107
20200625,3.993087533503496
20200626,3.8428139845966958
20200627,1.957634345503457
20200628,3.2287969702504262
20200629,3.4777819179749994
20200630,0.09596082657466
20200701,0.005370854320628443
20200702,0.22697401496108155
20200703,0.8242406901889553
20200704,0.06914015503780313
20200705,0.8046620986412159
20200706,1.0554288295470926
20200707,1.4592553948585116
20200708,0.0007865393927016796
20200709,0.0056784556893192005
20200710,0.016239043749719538
20200711,0.28982988620020755
20200712,0.6755420498659594
20200713,1.0414726639275385
20200714,0.30225519546950996
20200715,0.43578265474486794
20200716,0.011466947877689043
20200717,0.22998281771287882
20200718,0.6082831280997271
20200719,0.7930737110765357
20200720,1.1585180563912985
20200721,1.5846296265561854
20200722,1.8011217357703488
20200723,2.459839971343536
20200724,0.6661559821837163
20200725,0.009628196242585324
20200726,0.4576832678191374
20200727,0.6898286435687443
20200728,1.3385605382339754
20200729,1.7262964255024547
20200730,2.367297947615119
20200731,1.2460903903181217
20200801,1.501303116035323
20200802,1.7103407563028463
20200803,0.03837106472814197
20200804,0.5090762367530614
20200805,1.567233601982763
20200806,2.7115997456117613
20200807,3.735344072160397
20200808,4.9294477326836725
20200809,5.0400341255621175
20200810,4.974509239815867
20200811,0.48390403072468446
20200812,0.9898178514213304
20200813,0.03529015461213881
20200814,0.21292022455478427
20200815,0.5255348322687378
20200816,0.005168394832611236
20200817,0.02269211593298563
20200818,0.34433371256644146
20200819,0.6113979851642624
20200820,0.6690601701643709
20200821,1.7373654848763387
20200822,0.6367476474337197
20200823,0.8869696971655394
20200824,0.8580148184079208
20200825,0.8479551535060922
20200826,0.952517721271803
20200827,0.3713198264239503
20200828,0.7908455976256923
20200829,0.8579136454972672
20200830,0.370749804624595
20200831,0.6616398872592837
20200901,0.7924026663655821
20200902,0.9828485970892427
20200903,0.7409010877569395
20200904,0.6613209438125621
20200905,0.7262873311461254
20200906,0.8203348107342675
20200907,1.1433355894357229
20200908,1.1912176558813519
20200909,1.2821268907256975
20200910,1.3251391395083298
20200911,1.3938871176262557
20200912,1.662094976210493
20200913,1.6096263366629213
20200914,2.021528531495975
20200915,2.54703904177397
20200916,2.590534330918505
20200917,2.770171711195788
20200918,3.011303212003715
20200919,3.273391665618401
20200920,3.1816431791452255
20200921,2.4013048205553953
20200922,2.0091283979730483
20200923,0.16022433980117118
20200924,0.11504076954136241
20200925,0.00016650109644384515
20200926,2.2012725122660405e-05
20200927,4.149679225838985e-05
20200928,5.1865940559592876e-08
20200929,0.00027020480161387556
20200930,0.0047187534358605265
20201001,2.0810468815984124e-05
20201002,0.00209572329231098
20201003,2.675173710646542e-05
20201004,0.0069202026945040865
20201005,0.0003118634276149243
20201006,0.0073460273603833835
20201007,0.0512535377888533
20201008,0.0004449910167638528
20201009,0.0005183160449355506
20201010,5.068170038259998e-05
20201011,0.0016618414776105254
20201012,0.03417359906330993
20201013,0.2274558316685742
20201014,0.49018376771832906
20201015,0.7236110498234744
20201016,0.7572299123178465
20201017,0.730177101822909
20201018,0.5570875284626835
20201019,0.6703772522980389
20201020,0.8702475205651996
20201021,0.0567693145822264
20201022,0.33769604255595825
20201023,0.5082298392244747
20201024,0.798372018709925
20201025,0.1908108229222791
20201026,0.5778352867167674
20201027,0.48745992596927684
20201028,0.0009352862571380456
20201029,0.0021376212643126943
20201030,0.037529431811197646
20201031,0.07406446745249859
20201101,0.08574826387191538
20201102,0.17176590305137288
20201103,0.049016021651682146
20201104,0.13682713804447788
20201105,0.20980118276591106
20201106,0.5042960660454373
20201107,0.593363342055306
20201108,0.6290165550906999
20201109,0.6580371348765097
20201110,0.14560207927338753
20201111,0.22810434359741427
20201112,0.015147523298442095
20201113,0.04441860719729928
20201114,0.10390756422106909
20201115,0.019247913912960858
20201116,0.11330437559090055
20201117,0.38708028110734966
20201118,0.7717331565988578
20201119,0.4449047187498318
20201120,0.5837765142051977
20201121,0.8127453119627652
20201122,0.05391842572185576
20201123,0.12906530582804251
20201124,0.32645731533808175
20201125,0.5367865758526793
20201126,0.5667410619521214
20201127,0.6207903842914771
20201128,0.6872567612555566
20201129,0.6792713400953222
20201130,0.0019891555098834703
20201201,0.004840132926521925
20201202,0.013265996148340332
20201203,0.00043010684426592516
20201204,0.026712639745727736
20201205,0.0956242536683056
20201206,0.1285205736170273
20201207,0.03644070164341503
20201208,0.05055781387040611
20201209,0.07624700586338903
20201210,0.15669254215524106
20201211,0.001441141761149888
20201212,0.0024897658756444898
20201213,0.02555670292952403
20201214,0.010125662285935332
20201215,0.031625617704048724
20201216,0.10418614586152776
20201217,0.07735037876362671
20201218,0.3338434460342052
20201219,0.550771188031542
20201220,0.7113294814185642
20201221,0.0002294155476264445
20201222,2.361705882642949e-05
20201223,8.909676126290285e-06
20201224,2.5041681332912896e-05
20201225,0.0004767012650539387
20201226,0.010176097390331844
20201227,0.00020817388857850014
20201228,0.0004319653724060396
20201229,0.00048040571877822763
20201230,0.0007087590440244451
20201231,0.002050923561141869
20210101,0.002306740264222796
20210102,0.005449953286310169
20210103,0.03805709216446086
20210104,0.09331826668666905
20210105,0.2045327520680026
20210106,0.28091023216621186
20210107,0.000761307858361766
20210108,1.0468732994066093e-05
20210109,4.449536142731484e-05
20210110,0.0005670335613758812
20210111,7.702217042096327e-05
20210112,1.035330285288432e-05
20210113,0.000394325321976101
20210114,0.0002527693302006429
20210115,0.004065995705659499
20210116,0.002003232348526151
20210117,0.006233021230110278
20210118,0.036014297478810416
20210119,0.00023403716391747116
20210120,0.11345114212984983
20210121,0.0018895620857406047
20210122,0.014114262339674968
20210123,0.0001326792379567027
20210124,2.4588138184468306e-05
20210125,0.001015924097544605
20210126,0.042121377855947856
20210127,0.021474291016068604
20210128,2.32422355739335e-07
20210129,3.532357084042914e-06
20210130,0.0009974293968915888
20210131,0.005844088283014253
20210201,0.00621648596475766
20210202,7.493782498321195e-06
20210203,1.8398025690989515e-06
20210204,8.765987859988375e-05
20210205,0.0009023953510975078
20210206,0.00014961769165950804
20210207,0.00015600089777879103
20210208,0.00542021598355239
20210209,0.041293264871556136
20210210,0.14031879729988328
20210211,0.3036343150200406
20210212,0.6097477900181169
20210213,0.7545648836808831
20210214,1.0122692482765032
20210215,0.027011780902115964
20210216,0.010521534640674167
20210217,0.18156828057778607
20210218,0.024083137254874924
20210219,0.1683868938710442
20210220,0.677041989017528
20210221,0.9455312861533741
20210222,1.6882409472845683
20210223,1.9609238599447427
20210224,2.29981154406023
20210225,1.8570815415171174
20210226,1.5167524357971356
20210227,1.0166711405231612
20210228,1.1518299524059328
20210301,1.1888814202789884
20210302,1.1831329909170492
20210303,1.076576977061707
20210304,1.0134160724837413
20210305,1.2581017879871492
20210306,1.245462114693263
20210307,1.3020656590342647
20210308,1.4006168116936801
20210309,0.7211945296302146
20210310,0.6813243407872447
20210311,1.2451289124706864
20210312,0.3893195966064149
20210313,0.10375244893169261
20210314,0.01837636828189402
20210315,0.006789518741311217
20210316,9.365056281692426e-05
20210317,0.0072338295629813506
20210318,0.05474178933257175
20210319,0.40868210144945266
20210320,0.6027023102896536
20210321,0.7710117826053906
20210322,0.8111068427500229
20210323,0.9480342967322909
20210324,1.1200428906253568
20210325,1.3042320741943711
20210326,0.616153897302528
20210327,0.9678435353764872
20210328,1.3324003951427048
20210329,2.4670138078744355
20210330,2.624880167100684
20210331,2.95596009595261
20210401,2.9585937197940386
20210402,2.2201783177032484
20210403,2.268296833937995
20210404,1.9445577599291193
20210405,0.8489274755919473
20210406,0.015220275947434529
20210407,0.13967926685043325
20210408,0.6149243202400203
20210409,0.8807185013340483
20210410,0.006791558697381283
20210411,0.1064021400720988
20210412,0.13246059681367314
20210413,0.48612919185591724
20210414,0.7234870974266464
20210415,0.8819695509690744
20210416,1.3965587326062963
20210417,1.754631219100746
20210418,1.636201565255992
20210419,1.5208856847441374
20210420,1.5576233172221134
20210421,1.8193911083055299
20210422,1.8509667182162903
20210423,2.0298789792310368
20210424,2.369667522534366
20210425,2.3728319029142875
20210426,2.455582910908267
20210427,2.8691603945973374
20210428,3.2634751347217663
20210429,0.1233723759197968
20210430,0.35307473365875014
20210501,0.6462096255645235
20210502,0.8325195151322268
20210503,1.6535547644445159
20210504,0.8611401138635936
20210505,0.1308311127724403
20210506,0.41649533301598696
20210507,0.7123776278670048
20210508,0.7060805020925951
20210509,0.3779779134167263
20210510,0.20868724140797254
20210511,0.5336354029681144
20210512,0.7466515854970722
20210513,0.43722144932085644
20210514,0.003128885460190284
20210515,2.7646974834648008e-05
20210516,0.0019468355106578641
20210517,0.00466718462325352
20210518,0.2374977558756291
20210519,0.5649693548112514
20210520,0.8384206561285654
20210521,1.6709581081557752
20210522,0.005286988034369988
20210523,0.34031736322367
20210524,0.06810255743655146
20210525,0.1451610259020342
20210526,0.5090498890918522
20210527,0.6776696387023036
20210528,0.8041630546361352
20210529,1.2713765244952115
20210530,1.9804663423941538
20210531,2.750876019696443
20210601,3.7300933471108957
20210602,4.022383674699802
20210603,2.8087199283400395
20210604,1.8958209482360235
20210605,1.5106643877870702
20210606,2.0850738440208962
20210607,2.5947115673059744
20210608,2.547057130655391
20210609,2.577048450085582
20210610,2.6338260580307096
20210611,1.8943170071276376
20210612,2.0669459651887987
20210613,2.183072756395211
20210614,2.875434395450896
20210615,2.9391417397139565
20210616,3.464299843234642
20210617,2.6701878669731043
20210618,0.28323781303234175
20210619,0.0025059346931402895
20210620,0.2288228863857676
20210621,0.003063688724564308
20210622,0.2251296079877739
20210623,0.597215110410114
20210624,0.808020485349574
20210625,0.5576417215491296
20210626,0.6591343882026376
20210627,0.9457520994072973
20210628,0.9242674919149307
20210629,0.2532578062440249
20210630,0.01004830750452802
20210701,0.1769968082608363
20210702,0.5695296350781471
20210703,0.7335081736027251
20210704,0.002907461221117585
20210705,0.0028036268132851506
20210706,0.3790690601248736
20210707,0.6852365650058823
20210708,0.8732181255534892
20210709,1.1396099114114189
20210710,0.028110055108517676
20210711,0.3526679092240591
20210712,0.580619823255003
20210713,0.719756619859039
20210714,0.8552186637878214
20210715,0.9095648730298292
20210716,1.1263767496500579
20210717,1.6191912313126375
20210718,1.8004880416066964
20210719,1.9538279011152688
20210720,2.024925460194356
20210721,2.2027886498564837
20210722,2.2967637578918163
20210723,2.5185383956812535
20210724,0.6937626341500645
20210725,0.0027823360209168453
20210726,1.728397664478495e-05
20210727,0.00036849094222979215
20210728,0.2168673318078463
20210729,0.6592250651695735
20210730,0.9729486093858534
20210731,0.5238575275445508
20210801,0.4653786772970455
20210802,0.6770738615867313
20210803,0.8847578574359594
20210804,0.6857254596164029
20210805,0.9740220460258795
20210806,0.6950545205402545
20210807,0.05926648769812137
20210808,0.2797610965521064
20210809,0.7083255906853274
20210810,0.4692765657873717
20210811,0.6786711669842332
20210812,0.84190932771636
20210813,1.1904447723405205
20210814,1.3923946434167507
20210815,1.9580237975962105
20210816,0.2811961877035827
20210817,0.00011785190805679987
20210818,0.02162426573237263
20210819,0.256141147013661
20210820,0.5070510150771992
20210821,0.011726368904322562
20210822,0.07913967000890935
20210823,0.568150857281768
20210824,0.8169654444546102
20210825,1.032159917328312
20210826,1.2610569415069246
20210827,1.4521193459944441
20210828,1.3921642567986412
20210829,1.378098997105585
20210830,1.423752448319972
20210831,1.6139375638295212
20210901,1.5743462321996493
20210902,1.7390737258217663
20210903,1.8583295339563188
20210904,1.644937583717934
20210905,1.644945229812547
20210906,1.7585224378436954
20210907,2.1254915958216984
20210908,2.498618363892363
20210909,2.329780360542782
20210910,0.7416846888551276
20210911,0.7736870917198139
20210912,0.842159473756256
20210913,1.0137887972295476
20210914,0.37305353720217443
20210915,0.5628133344010922
20210916,0.7420351248805545
20210917,0.7948862170148706
20210918,1.1192386116592379
20210919,1.2781436264983201
20210920,1.5996274118598381
20210921,1.5444240847818391
20210922,1.611532207806846
20210923,1.914198700493828
20210924,1.8400479364271867
20210925,1.7161215874083768
20210926,1.700337348043943
20210927,0.26725963524889
20210928,0.6280310545641832
20210929,0.07631029471975989
20210930,0.5427948829012955
20211001,0.3930555791827291
20211002,0.027613292499218185
20211003,6.245948357756812e-05
20211004,0.029199292980571244
20211005,0.004322815768939309
20211006,0.0002588951629932879
20211007,0.0055221701423653026
20211008,0.04750567075123009
20211009,0.2126367791894558
20211010,0.34151009369236224
20211011,0.5668096560950349
20211012,0.04373282230201168
20211013,0.2716383021579012
20211014,0.6017526701535681
20211015,0.5244174836687465
20211016,0.611099039767028
20211017,0.7526417963637686
20211018,0.9378167556107687
20211019,1.1301409742065718
20211020,0.10357820493494237
20211021,0.009733594399276064
20211022,0.027976719291417422
20211023,0.12407021331294152
20211024,0.4213476693293331
20211025,0.6030195958287431
20211026,0.7479622376782931
20211027,0.8221712390652904
20211028,0.9454363260361736
20211029,1.2401457501556852
20211030,0.0006151253960031074
20211031,2.611340910856935e-05
20211101,0.0014094903265088824
20211102,0.0041418107559959135
20211103,0.0002122276677505357
20211104,5.2400799416458004e-05
20211105,0.0008130246482962673
20211106,0.03224596617314168
20211107,0.26177073407350787
20211108,0.3215203684392897
20211109,0.47673295124758724
20211110,0.608921619825564
20211111,0.6920554957759361
20211112,0.8454046930630094
20211113,0.004221499854205871
20211114,0.022954559738959247
20211115,0.0648310609661098
20211116,0.11760969249812615
20211117,0.25186542971025533
20211118,0.48095932720806006
20211119,0.639386867204279
20211120,0.6288024216803744
20211121,0.020783629739279857
20211122,0.08252534209915191
20211123,0.08987598632401501
20211124,0.1312274789400483
20211125,0.07963418159984584
20211126,9.289372128746541e-06
20211127,1.6030368354916e-05
20211128,5.0018059240011626e-05
20211129,0.005396854900104881
20211130,5.474008066503573e-05
20211201,3.091765416203518e-05
20211202,1.2255148378119772e-05
20211203,0.00012857818695507657
20211204,4.000383236655734e-05
20211205,7.756760894267912e-05
20211206,2.288806188164486e-06
20211207,0.00022960444589500596
20211208,0.020278390575156832
20211209,0.08337186632629473
20211210,1.7517035626487117e-05
20211211,0.0006518562886718612
20211212,0.00021767558446773419
20211213,0.007825466285130983
20211214,0.03350432453645118
20211215,0.07351202159538324
20211216,0.11339959754995288
20211217,0.1630693651843494
20211218,0.19264106567125402
20211219,0.2082287339471856
20211220,0.3412429021579348
20211221,0.429435412748256
20211222,0.5070024662300884
20211223,0.5142202676118076
20211224,0.5696888512000351
20211225,0.0018101462753752134
20211226,0.00838044338957207
20211227,0.00039615476126921993
20211228,1.419267410971351e-05
20211229,0.0001313468278056682
20211230,0.011013798122575302
20211231,0.14481079577449843
20220101,0.4307380597642248
20220102,0.01824637643289004
20220103,0.15923892154260055
20220104,0.12827304252605748
20220105,0.010709673248616894
20220106,0.08359340091530014
20220107,0.029089846082778578
20220108,9.705696800911692e-06
20220109,0.0013469674011649408
20220110,0.0035232059311538517
20220111,0.04030871117780732
20220112,0.0051074522696590505
20220113,0.006389304217027552
20220114,0.011582540386043972
20220115,0.019024415569614
20220116,0.03146906808522038
20220117,0.06540339695179649
20220118,0.08327065881214124
20220119,0.003795115818807222
20220120,0.0019000361293971758
20220121,0.01234381859965632
20220122,0.04670439295868673
20220123,0.11081539524919183
20220124,0.2431758693769823
20220125,0.349032228424399
20220126,0.5636349114890984
20220127,0.3499157151401783
20220128,0.43054558531063897
20220129,0.732509503212216
20220130,0.7548345286562015
20220131,0.44094628146862713
20220201,0.4857994345900965
20220202,0.4631530243982151
20220203,0.6139975119937265
20220204,0.2312623842216666
20220205,0.5824261954455371
20220206,0.0004420494600982937
20220207,0.046293130790710096
20220208,0.2669383078866818
20220209,0.47406116480667837
20220210,0.10210105751410042
20220211,0.3686596214504055
20220212,0.6512002946942055
20220213,1.015581625400182
20220214,0.6772966644428127
20220215,0.0669583436250265
20220216,0.022069334888741986
20220217,0.5684053997051336
20220218,0.3962122983234794
20220219,0.04735987211460809
20220220,8.327219359657216e-05
20220221,0.018081792199635013
20220222,0.06068495161176359
20220223,0.41120869953462674
20220224,0.179011593222877
20220225,0.49765233089171196
20220226,0.5783835352580436
20220227,0.8392715753136473
20220228,1.1409046118669202
20220301,1.3002782317614627
20220302,1.7376718290831998
20220303,1.9930057377658452
20220304,2.245710107487383
20220305,2.0548846242029417
20220306,2.241038399807676
20220307,2.1769781030804136
20220308,2.441866851564961
20220309,2.819362469195332
20220310,2.9947428660205255
20220311,3.1613853126794482
20220312,2.8954948499287845
20220313,2.974441619977108
20220314,2.119962225124031
20220315,1.7290303409392798
20220316,1.79825702328778
20220317,1.8928909792653787
20220318,1.9237009280862862
20220319,2.8486882887502216
20220320,2.022774030067915
20220321,1.9645547450773058
20220322,2.164817616796804
20220323,2.4104097953107115
20220324,2.426587656985898
20220325,2.661274899972897
20220326,2.789277048802365
20220327,2.132115099728678
20220328,2.0273648626525995
20220329,1.907201614457919
20220330,2.0042747373175454
20220331,0.6817564721183558
20220401,0.4295151504437943
20220402,0.7196353990216595
20220403,0.7711600333960631
20220404,0.03957842691959922
20220405,0.18194983248756602
20220406,0.032039029414778236
20220407,0.014370914862995582
20220408,0.15853901005968066
20220409,0.4656224762507248
20220410,0.6890533084176286
20220411,1.3112998746502313
20220412,2.1964239514117825
20220413,1.6211737396953125
20220414,1.6413141380530507
20220415,1.5733516930033413
20220416,2.0700133910594114
20220417,3.3121060235758097
20220418,3.392842289274037
20220419,3.62949474173066
20220420,3.8826697921858155
20220421,4.067105153655201
20220422,3.2977164451452934
20220423,3.422016821508313
20220424,3.3888817883473497
20220425,1.9827198282506406
20220426,2.147786996568967
20220427,2.0139848891117236
20220428,2.1202014529386437
20220429,2.2213042089458557
20220430,1.9302080746921975
20220501,1.846681877796904
20220502,2.1901610401799405
20220503,2.1493525505808484
20220504,2.1306950352607292
20220505,1.9812269327330232
20220506,1.944014977687302
20220507,2.0886334595401768
20220508,2.4082835438244063
20220509,2.57823945609859
20220510,3.16344584621413
20220511,3.522808734394598
20220512,3.1665085422272057
20220513,3.1879863230320318
20220514,2.844026663356471
20220515,3.956145973771207
20220516,0.7253920488571998
20220517,1.0792918696698943
20220518,1.7720202148322028
20220519,0.0049150219837521165
20220520,0.002063233563732901
20220521,0.19675890338734972
20220522,0.6468692872937655
20220523,0.03658547017083372
20220524,0.46093580047780414
20220525,0.8713048768259316
20220526,1.2867697468782513
20220527,0.893224861377773
20220528,1.2293910997502437
20220529,0.9929681516991078
20220530,1.1768086033420997
20220531,0.6665541580323497
20220601,0.8490651152652114
20220602,1.2775378084089835
20220603,2.8967936614791143
20220604,2.1305371229388923
20220605,0.005281274435427132
20220606,0.010019513429597582
20220607,0.025604938272096086
20220608,0.00020996574361964595
20220609,0.18081924582665201
20220610,0.6671405309139008
20220611,1.0535645355627599
20220612,1.5308885927990041
20220613,1.8509800829422118
20220614,2.1846677977455493
20220615,2.9015954641761827
20220616,3.0158539740800747
20220617,3.8774973702237006
20220618,3.927522566653903
20220619,0.3673671984418454
20220620,0.7528114180629518
20220621,1.0154592013641661
20220622,2.1972291018322663
20220623,1.5797535404343763
20220624,0.005973726259826603
20220625,0.010024968398976266
20220626,0.34694816592776423
20220627,0.00812559477375472
20220628,0.4750953653110046
20220629,1.0429848759192464
20220630,0.01971063402797338
20220701,0.294438671817015
20220702,0.8016440533323114
20220703,1.2691094503800089
20220704,1.5268219945029402
20220705,1.9031722578792047
20220706,2.1174350259383363
20220707,1.1930938128767101
20220708,1.5122623527118302
20220709,1.7559097652523816
20220710,1.8313151785607207
20220711,1.92864250359426
20220712,2.880912111551362
20220713,3.0484736165388986
20220714,2.9774911607877153
20220715,2.9232694357114486
20220716,3.0489548563782547
20220717,3.0550537253565113
20220718,4.445345243660604
20220719,7.082825978285
20220720,2.560101299833413
20220721,0.002232120621627934
20220722,0.18793583417254792
20220723,0.6700551659835147
20220724,1.6826015034826005
20220725,2.3519360307417654
20220726,1.200525498256811
20220727,1.7636111391930405
20220728,2.868354353125674
20220729,2.8566021187691506
20220730,2.6665878469304154
20220731,0.8989711770301632
20220801,1.4729848378022408
20220802,2.2855661638052993
20220803,2.7756409143592347
20220804,2.8085178603734136
20220805,2.827522509633813
20220806,2.720461576406819
20220807,2.738912112261758
20220808,2.8854431651037395
20220809,3.055192318610371
20220810,3.7120469457273546
20220811,4.965804177663212
20220812,5.639263068030875
20220813,5.7995591112340925
20220814,5.724207507142077
20220815,0.05220509181865935
20220816,0.6090222468679571
20220817,0.0008016662685783078
20220818,0.09636896493887838
20220819,0.00016827312567849916
20220820,0.11831721081471003
20220821,0.6125350185703924
20220822,1.002412296166925
20220823,1.4406020113732643
20220824,1.9908314638098565
20220825,2.5216042175912055
20220826,2.273960923223915
20220827,2.2429777668614572
20220828,2.4427429176983555
20220829,2.326098668383041
20220830,2.683031669213624
20220831,3.1473636267740916
20220901,3.292976319068572
20220902,4.080784741899169
20220903,0.6503663703920531
20220904,1.0190295256640434
20220905,0.4134696605451256
20220906,0.0665900549657833
20220907,0.4195941305468365
20220908,0.00953970596875154
20220909,0.05191590472704612
20220910,6.583057828584273e-05
20220911,0.013208541264985222
20220912,0.30300747538525685
20220913,0.3211510881721795
20220914,8.694916869060484e-06
20220915,0.01237362443579532
20220916,0.00014378576217840284
20220917,0.00019513376628802436
20220918,1.0983791425970972e-05
20220919,0.008750612219935986
20220920,0.09925757677930627
20220921,0.3937490178366895
20220922,0.63568098640644
20220923,0.5060620675251551
20220924,0.00924030457004522
20220925,0.14839972552297934
20220926,0.00045521355854961074
20220927,2.609773390909906e-06
20220928,3.83808129129463e-05
20220929,0.0021583495696916254
20220930,0.021486090167042986
20221001,0.029448076037937136
20221002,0.009107864521742537
20221003,0.06821863397165553
20221004,0.39526079382794194
20221005,0.7262977433496768
20221006,0.8203887362247035
20221007,0.7590771964068256
20221008,0.17597294055334417
20221009,0.4892610231915148
20221010,0.6084826509392387
20221011,0.6647636912954739
20221012,0.812357055438497
20221013,0.8854617921048047
20221014,0.40571488292048835
20221015,0.07575464101154263
20221016,0.40390395570089266
20221017,0.0007065518874309994
20221018,0.018100600795804275
20221019,0.24253256311439272
20221020,0.26846352012524743
20221021,0.550007325172143
20221022,0.7136112557103718
20221023,0.8505551886435851
20221024,0.6917215576394183
20221025,0.7156202182097864
20221026,0.9010537656792758
20221027,1.1066525617362601
20221028,1.2175800074113938
20221029,1.5261562407425395
20221030,1.3725702080319342
20221031,1.2294976268062696
20221101,0.5657569269371143
20221102,0.8547181725252057
20221103,0.014294681255715754
20221104,0.04907026016756476
20221105,0.2306800116820871
20221106,0.007743673081003868
20221107,0.11372434542969999
20221108,0.5674255642536251
20221109,0.788668155541355
20221110,0.9113947123749359
20221111,0.8569030517300129
20221112,0.8279062076916932
20221113,0.8645508989507695
20221114,0.8845107605586638
20221115,0.10268264202964991
20221116,0.00026113995093543935
20221117,0.0005084631055573713
20221118,2.025107079451707e-05
20221119,0.0002927781295035867
20221120,0.00021718351047665473
20221121,1.1149649413840057e-05
20221122,0.002182328942316217
20221123,0.002082735730763632
20221124,0.001086757944953507
20221125,0.0011288348577511733
20221126,0.012286214136549694
20221127,1.881730568518161e-05
20221128,5.045220840027836e-05
20221129,6.499336578721233e-05
20221130,0.0001209546144576836
20221201,0.0004941214198865802
20221202,0.008908091733349591
20221203,0.06950035456900479
20221204,0.19109279737290094
20221205,0.19769225782990127
20221206,0.14561944840355176
20221207,0.0007173496457308039
20221208,1.6050314631840952e-06
20221209,3.929120465967631e-06
20221210,1.1323397751830116e-05
20221211,0.00015668576127580308
20221212,0.0009518295643328876
20221213,0.006798660839428046
20221214,0.029160914248053105
20221215,0.05668426214601614
20221216,0.10111307552584879
20221217,0.1535114743930789
20221218,0.001247157260876366
20221219,0.001266928212765267
20221220,4.712158490377939e-06
20221221,7.976209651399671e-06
20221222,4.78515717528506e-07
20221223,9.035511574752714e-07
20221224,0.0002062348212587226
20221225,7.959938024334571e-07
20221226,0.0006220832601997526
20221227,0.01564041737146934
20221228,0.019134961856726262
20221229,0.016457242552202274
20221230,0.0007839617759354395
20221231,0.002173876337993444
20230101,0.011527548168218094
20230102,0.027504912595771987
20230103,0.0069855733795471005
20230104,0.018616261048299648
20230105,0.1179668044288144
20230106,0.3327421170322338
20230107,0.36115329633666077
20230108,0.08162425635777334
20230109,0.00020961917616891146
20230110,0.0013358649697016837
20230111,0.005016521595849752
20230112,3.4550806411377374e-06
20230113,0.006097221500466351
20230114,0.0001831442857363178
20230115,0.02342403930426489
20230116,1.0412567464306218e-05
20230117,1.723963309922659e-05
20230118,0.0008610960707056082
20230119,0.00012344873996173608
20230120,9.538529696412302e-08
20230121,1.7561465905465197e-06
20230122,3.6979073292035424e-05
20230123,0.0008224970583889361
20230124,0.011784225423415527
20230125,0.028981113335991467
20230126,0.04905819372469885
20230127,0.2618338599811583
20230128,0.4143032313144656
20230129,0.635296174898987
20230130,0.8298515493760732
20230131,0.8866702218982092
20230201,1.1589260541481687
20230202,1.220775535376065
20230203,0.7080768104272361
20230204,0.24749589533572833
20230205,0.42638568428288676
20230206,0.44007400987121453
20230207,0.48429824977010655
20230208,0.6646076101778493
20230209,0.8008319272920285
20230210,0.8515265494127191
20230211,0.8343281659064457
20230212,0.8529686814910338
20230213,0.8932592413976234
20230214,0.9143499941871389
20230215,1.099909460383679
20230216,1.2415157358836284
20230217,1.4212434462123877
20230218,0.6267505899017265
20230219,0.7342654357259288
20230220,0.8430761357309813
20230221,0.727141290195216
20230222,0.13670739650606717
20230223,0.21803162822300123
20230224,0.32922090058389436
20230225,0.33882185994547354
20230226,0.730155769897529
20230227,0.7951236983762894
20230228,0.955937433484173
20230301,1.1881615133085068
20230302,1.3977631805036423
20230303,1.353377502932964
20230304,1.2915601805213042
20230305,0.42319506630493237
20230306,0.001026436666675329
20230307,3.794708323776403e-07
20230308,6.766990742010585e-08
20230309,1.8679070874984516e-08
20230310,2.633349225685637e-06
20230311,0.0008025819391732588
20230312,0.004174438785319466
20230313,0.255882246841623
20230314,0.03167027325680379
20230315,0.0925949587908074
20230316,0.61788138649046
20230317,0.8747731432023597
20230318,0.2770989544608409
20230319,0.42759617053515275
20230320,0.5517235318479081
20230321,0.5108375806148117
20230322,0.7293581451583631
20230323,0.5086829453969022
20230324,0.2490534670356471
20230325,0.6954786920348188
20230326,0.0033613894570468012
20230327,0.10463644434781813
20230328,0.37826881589141964
20230329,0.742223428977357
20230330,1.1849603364161816
20230331,0.0006685727232346692
20230401,1.107113449464552e-06
20230402,0.0006933588113546456
20230403,0.11170162045999936
20230404,0.4919423868164554
20230405,0.6883371593516343
20230406,0.0004768070262233594
20230407,0.008144576812494541
20230408,0.11069526722249158
20230409,0.49353405918841037
20230410,0.17813545762576025
20230411,0.27411834139889846
20230412,0.012406367514175473
20230413,0.03178697224945082
20230414,0.4153909576387152
20230415,0.8118362858647111
20230416,0.8536980491549997
20230417,1.0706324117756936
20230418,1.5527537816356192
20230419,2.3967374147745244
20230420,2.247494208416917
20230421,2.1722657250152486
20230422,0.069755852059745
20230423,0.02901388541754418
20230424,0.0012661411079310347
20230425,0.08761743852133087
20230426,0.36829651746586656
20230427,0.7948566460070828
20230428,0.8413336259971033
20230429,1.0083871536488933
20230430,1.4593700258601934
20230501,1.5665255303288086
20230502,1.8395408263810633
20230503,2.268530241579296
20230504,2.956114477183905
20230505,0.008716248100687716
20230506,0.13624521897883213
20230507,0.3869825370320834
20230508,0.5773579278142734
20230509,6.201278286886613e-05
20230510,2.062786243044926e-05
20230511,0.00616497512870037
20230512,0.03919258100783566
20230513,0.5778835129220891
20230514,0.6886224466190525
20230515,0.45981788628297915
20230516,0.7239221683734475
20230517,1.001631465780216
20230518,1.3403165905210266
20230519,2.0432992023622916
20230520,2.659426086885959
20230521,2.5151785403252394
20230522,1.6675127172097595
20230523,1.8595893005603483
20230524,1.8404365335956443
20230525,2.0779899320510204
20230526,2.7016851145238654
20230527,2.6996461263269573
20230528,2.858092452571064
20230529,3.0719550530058015
20230530,2.97030265800914
20230531,3.0052877421769426
20230601,2.9501542710491213
20230602,2.8670171737739714
20230603,3.59415104156506
20230604,3.628476424984208
20230605,3.338339621969351
20230606,3.395294918768009
20230607,3.3504006240666664
20230608,3.4421193430797263
20230609,4.494773111159448
20230610,5.272721636814699
20230611,5.100326244579354
20230612,6.2493831575156955
20230613,6.421918056714774
20230614,6.306618483641125
20230615,5.327059161744126
20230616,5.277614556916839
20230617,5.156803945707935
20230618,3.536782390113036
20230619,3.7081160261349533
20230620,0.14357214969501012
20230621,0.6770920609116433
20230622,0.018093732176226156
20230623,0.48281144402691284
20230624,0.8698026947400516
20230625,2.6240858874362676
20230626,2.996365777276005
20230627,2.7273244637570246
20230628,2.3033264685908903
20230629,1.3192049561640242
20230630,1.996353416550586
20230701,0.28890664779528363
20230702,1.0592538552380226
20230703,2.080591424160829
20230704,0.620086255885281
20230705,0.2688506941947845
20230706,0.7201065941464326
20230707,2.226886663014496
20230708,3.295719907428427
20230709,0.2916830314500819
20230710,0.7996903269213116
20230711,1.7725741689918382
20230712,0.8090486636155385
20230713,1.123974980408945
20230714,2.0917729240787137
20230715,0.7795305816606963
20230716,1.5929129561174273
20230717,2.0242628369787057
20230718,2.2649929974026497
20230719,2.4836424291023214
20230720,2.2039552744417583
20230721,2.3925308211270755
20230722,0.8242707642952775
20230723,0.7879064555612839
20230724,0.45033848493782214
20230725,0.8132884198420187
20230726,0.6340608808153696
20230727,0.00013657419466086204
20230728,0.03805617656929855
20230729,0.541128717965468
20230730,0.0371970039629889
20230731,0.0001619138516922049
20230801,0.14538247408131635
20230802,0.015176409958211578
20230803,0.0007373686572543176
20230804,0.06293399422740581
20230805,0.0010850840583596466
20230806,4.584996183543022e-05
20230807,0.14881356160521272
20230808,0.006846742131738777
20230809,0.20003774264592514
20230810,0.6755631476920039
20230811,0.9397650568885816
20230812,0.11762717493871616
20230813,0.545084281703399
20230814,0.9343496632928379
20230815,1.2841525717941489
20230816,1.6599079533752448
20230817,1.7915087166939283
20230818,1.7482083320322261
20230819,1.762319957387313
20230820,1.9076694329249453
20230821,1.900297680034232
20230822,1.9214847153351056
20230823,1.9334778964634647
20230824,0.06045102229174503
20230825,0.3084222253798325
20230826,0.7039475355188786
20230827,0.01542785807524332
20230828,0.1809403120292931
20230829,0.4823886369184604
20230830,0.022955033657452096
20230831,0.3446778705366587
20230901,0.0001603229021854629
20230902,0.003979772197467849
20230903,0.19125217358714794
20230904,0.6813293126808907
20230905,1.2225946407834682
20230906,1.7493008016823506
20230907,2.1276786284871942
20230908,2.0671213962352044
20230909,2.0909245775693623
20230910,2.2515361082821217
20230911,0.2540099644629296
20230912,0.025659775526929322
20230913,0.31747797003596395
20230914,0.5873496671346693
20230915,0.7885051881584518
20230916,0.41034759506308954
20230917,0.5389852179466776
20230918,0.030045136618692563
20230919,0.5972409299105905
20230920,0.8955155629720062
20230921,0.0012673083787481192
20230922,0.0031626064229849054
20230923,0.09136624460654498
20230924,0.5231679897059495
20230925,0.7113224320982872
20230926,0.8249337395854196
20230927,1.1098039482741733
20230928,1.468578871544692
20230929,0.18152815736543781
20230930,0.38274992514337103
20231001,0.6580511843637382
20231002,0.8475551955030198
20231003,0.8545651933529539
20231004,0.9781591384598805
20231005,1.1677813158347048
20231006,1.4740805084587458
20231007,1.8649853147478914
20231008,1.4670660344168847
20231009,1.43025029507148
20231010,1.7482776673788185
20231011,1.8775489763003523
20231012,0.026896349866139427
20231013,0.0011938711291878848
20231014,0.16125746483748044
20231015,0.022479834323054598
20231016,0.0948204924778083
20231017,0.4751715311823075
20231018,0.005612420324618702
20231019,0.05912048235642424
20231020,3.786000239938493e-06
20231021,0.0002628397835923619
20231022,0.0003264757338049792
20231023,7.783984349830357e-06
20231024,0.0005268737753999522
20231025,5.633681115832574e-07
20231026,1.7062724172704351e-07
20231027,9.132514269056856e-07
20231028,0.0002811970483231515
20231029,0.08823016524907965
20231030,8.206245837859136e-06
20231031,8.970242367214722e-07
20231101,0.0002666024531077199
20231102,0.015028589553701883
20231103,0.022437966590749505
20231104,8.337614526887375e-05
20231105,0.000325683602222404
20231106,0.020043635536775906
20231107,0.08231106794430591
20231108,6.889210104784205e-05
20231109,0.00017606080619810132
20231110,7.309376210650704e-05
20231111,0.0019124882630550206
20231112,0.0036861170923985376
20231113,0.0008533242574293567
20231114,3.315359383896726e-05
20231115,0.007255762656341845
20231116,0.025057362176617956
20231117,0.03249905714080659
20231118,5.462278412478119e-06
20231119,0.0014222050427380064
20231120,0.007395038997994035
20231121,0.019272605278191426
20231122,0.041994658388110236
20231123,0.25828449542432547
20231124,0.015715842478302034
20231125,0.028520781893029763
20231126,0.00902654541590355
20231127,1.6778932582106152e-07
20231128,7.23200137452565e-05
20231129,1.7105359432613406e-05
20231130,2.154863326353083e-05
20231201,0.00026043541132036904
20231202,0.0010788449656643263
20231203,0.0008285396680880741
20231204,7.516214501497355e-05
20231205,0.00019995936263379822
20231206,0.0005596137142630219
20231207,0.005715382654816747
20231208,0.0011842011529884014
20231209,4.419234481396552e-05
20231210,0.0019148497092574025
20231211,0.060295874738627485
20231212,8.361219721001483e-06
20231213,3.716603400881028e-05
20231214,0.0004647463264814676
20231215,0.010636227194240391
20231216,0.0581778665600495
20231217,0.2158394714463339
20231218,0.37943728512312686
20231219,1.4343434168713283e-05
20231220,0.0014592682094043228
20231221,0.0515371634922934
20231222,0.30172166282260215
20231223,0.7994244146747981
20231224,0.0002494733609120709
20231225,2.4604200803370365e-05
20231226,0.0003359800383681443
20231227,0.0019609450934417474
20231228,0.1836483911405936
20231229,0.0480259082102135
20231230,0.25956151765843843
20231231,0.078379785304214
20240101,0.0012453924960010869
20240102,0.0001992383617171212
20240103,0.00012536145884068276
20240104,1.4146831220248581e-05
20240105,4.711513522484447e-05
20240106,0.0012736668782750882
20240107,0.03080380796831309
20240108,0.2821542541250354
20240109,0.6875742665782094
20240110,0.7566771844588138
20240111,0.717258141361025
20240112,0.7086770097245354
20240113,0.8254131201735532
20240114,0.015279682568660021
20240115,3.980362812757103e-05
20240116,0.004512658037500284
20240117,0.02313194485249488
20240118,0.011665510866188276
20240119,0.054281899551398324
20240120,0.20210918339918066
20240121,0.6561652688272664
20240122,0.20799469896436046
20240123,0.0504900698501319
20240124,0.45251437622503066
20240125,0.33764599029627684
20240126,0.04523280008029365
20240127,0.10677730853817127
20240128,0.4426641137520545
20240129,0.6544368318040655
20240130,0.7823795276984435
20240131,0.6995455345113737
20240201,0.041468023592696475
20240202,0.22008809346047542
20240203,0.20341426687167868
20240204,0.5429805446927182
20240205,0.8033258849902711
20240206,0.04408471529848495
20240207,3.8810157882197075e-06
20240208,1.291767806653176e-07
20240209,0.00024200385627856535
20240210,0.003991304952692794
20240211,6.373042409994577e-05
20240212,0.0027230471222449136
20240213,0.05722627597090196
20240214,0.012899421854373087
20240215,0.006608639847730309
20240216,0.020144170415832333
20240217,0.19042444541243617
20240218,0.002666076913333714
20240219,0.026498336407630663
20240220,0.15673070345654402
20240221,0.0027445708236919384
20240222,0.0010835500502732922
20240223,0.0007733484075986192
20240224,0.023198487024337362
20240225,0.20246246307923887
20240226,0.0002747845889588744
20240227,0.012302854278606728
20240228,0.095285364278852
20240229,0.0011854990010176857
20240301,0.0004099847798467622
20240302,0.059276743013874096
20240303,0.16414853985549463
20240304,0.37388101641098503
20240305,0.46028126596695446
20240306,0.5450455836335242
20240307,0.7819550550625252
20240308,1.123401714685032
20240309,1.4436632435856636
20240310,1.5644244832250038
20240311,0.0003637821258821941
20240312,6.989862271663894e-06
20240313,0.002393192225274868
20240314,0.24519088134788605
20240315,0.5805673097739124
20240316,0.4559714891035643
20240317,0.162759138630454
20240318,0.3947732090397542
20240319,0.6522695643126333
20240320,0.710208001594602
20240321,0.8528637051272979
20240322,0.0004971844921453555
20240323,0.05171554319037163
20240324,0.14827220326691198
20240325,0.4878550754278521
20240326,0.7251024135384029
20240327,0.9726593998296346
20240328,0.41989793481518434
20240329,0.7012309174019927
20240330,0.001089563621112262
20240331,0.0018104467123883244
20240401,0.11604091813264102
20240402,0.14433506719501565
20240403,0.08788829938117783
20240404,0.007862629945600762
20240405,0.1862126873549327
20240406,0.8269011602816188
20240407,1.369811252402186
20240408,0.3350783223998049
20240409,0.4769404076601295
20240410,0.7921478463302497
20240411,0.7870787017996376
20240412,1.1417215848734172
20240413,1.7678787477076343
20240414,1.9390094965507099
20240415,0.28579231448881487
20240416,0.0040566690214473185
20240417,0.004624486245755976
20240418,0.03657927517988658
20240419,0.002395218478522006
20240420,0.050497906079967854
20240421,0.011608620092972984
20240422,0.18851592539737969
20240423,0.14491054048408136
20240424,0.5666765668232446
20240425,0.1621664392319363
20240426,0.029302808082241106
20240427,0.0215135379528671
20240428,0.5384072935814368
20240429,0.7383712179732377
20240430,1.0272921846802394
20240501,0.6314888355960553
20240502,0.19676714537856188
20240503,0.0004285590223449012
20240504,7.186560741437837e-05
20240505,0.02129057411924903
20240506,0.007020409557739397
20240507,0.032471412418405725
20240508,0.1671323546708763
20240509,0.4403983278544067
20240510,0.7338039878607628
20240511,1.310124312897305
20240512,2.0958122320841444
20240513,2.07346556241621
20240514,2.2663049175788768
20240515,0.004261260753977062
20240516,5.672355136346784e-06
20240517,0.0002788967341643569
20240518,0.0006395390945518447
20240519,2.1940518124991956e-05
20240520,5.996388475893729e-06
20240521,4.441883299460507e-05
20240522,0.049909291558644736
20240523,0.020875553273960873
20240524,6.494119743907579e-07
20240525,4.989323607288427e-06
20240526,0.0005489348507684034
20240527,0.017315287556892222
20240528,0.0012667637466408815
20240529,0.04611461377429192
20240530,0.027447174052199572
20240531,0.000645721789367971
20240601,0.00010986326050008322
20240602,0.06725019564988799
20240603,0.28143592145694496
20240604,0.7192248421266667
20240605,0.7640725556898557
20240606,0.9836240846458548
20240607,1.5156188027331492
20240608,1.6939972671614025
20240609,1.9436553452558158
20240610,0.006726251614110926
20240611,0.007464308649387474
20240612,0.2197440848230002
20240613,0.7141278075465111
20240614,0.004129700144484433
20240615,0.10771668300712334
20240616,0.32295620836431105
20240617,0.6971855204156728
20240618,0.0012339677971336374
20240619,0.16342230475411046
20240620,0.6121914103646711
20240621,0.006909730846771384
20240622,0.1993133752562599
20240623,0.619840561437719
20240624,0.9529132686465893
20240625,1.8710127621097885
20240626,2.519128797613053
20240627,2.783251967189982
20240628,2.7192640130558394
20240629,0.6127832487710514
20240630,0.31051501670947396
20240701,0.7456097120839572
20240702,0.013365796548000745
20240703,0.002685855542115099
20240704,0.04309978004863059
20240705,0.1960648488070666
20240706,0.05209769278902928
20240707,0.43744538762667573
20240708,0.7000621902249052
20240709,0.25179462075285086
20240710,0.6152565667990354
20240711,0.9169675113213177
20240712,0.0007040937239788426
20240713,0.02688195294742412
20240714,0.3993147908380966
20240715,0.070473553143779
20240716,0.07172640233418857
20240717,0.44627025498456363
20240718,0.7845502666203436
20240719,1.6511302022461087
20240720,2.477934150215243
20240721,1.989976018559137
20240722,2.0879248363628573
20240723,0.026075749153373184
20240724,0.377026505298631
20240725,0.49112357381646704
20240726,0.5674983392645717
20240727,0.7781044793499422
20240728,1.1888166790506627
20240729,1.997828481812909
20240730,2.594303402860146
20240731,2.7069587746320134
20240801,0.3186048488127757
20240802,0.6058700136925362
20240803,0.48577166459020393
20240804,0.6609523195516905
20240805,1.015768435410492
20240806,1.7976739194032048
20240807,0.2380631820262936
20240808,0.7988793552113442
20240809,0.7834654147007938
20240810,1.126653766393389
20240811,1.6362522270705881
20240812,2.723971075793073
20240813,2.3829244373509137
20240814,0.1676942282363284
20240815,0.7575966689898423
20240816,0.0010462207074162253
20240817,0.17393071067552585
20240818,0.5902550117734534
20240819,0.7988028282560458
20240820,0.0068718724497665576
20240821,0.5023548561396317
20240822,1.169440728775099
20240823,1.9442926404902126
20240824,0.33400895973071376
20240825,0.784780734814953
20240826,1.1173714005245008
20240827,1.4144932879293117
20240828,1.8660230684573476
20240829,1.807739243990237
20240830,1.8556533831785944
20240831,2.2961432561912583
20240901,2.2616927579650565
20240902,2.0892842745924796
20240903,0.003340898017626628
20240904,0.06804341510051362
20240905,0.3750348793651924
20240906,0.2808080517704119
20240907,0.01707206026742107
20240908,0.4155272321678067
20240909,0.7018182281644613
20240910,0.007969076950090997
20240911,0.0018452411828593705
20240912,0.0002121925614080924
20240913,0.013350846904177824
20240914,0.16334169639210777
20240915,0.4581510192983447
20240916,0.6731264527529749
20240917,0.9398719862052833
20240918,1.1136609482897435
20240919,1.4239697770422208
20240920,1.6530667290936196
20240921,1.5990044835869934
20240922,0.44389979035553867
20240923,0.6446712167695143
20240924,0.2567518037888095
20240925,0.003016014375036431
20240926,0.003125301744928149
20240927,0.0022820079490200166
20240928,0.0004195543767074139
20240929,0.025270758376286027
20240930,0.0005744841672500995
20241001,0.008026667610587478
20241002,0.05014779246394827
20241003,0.2846638798907836
20241004,0.462305926651257
20241005,0.6315911270025802
20241006,0.7710499035193406
20241007,0.9880282442627254
20241008,1.254924757133377
20241009,0.037065548577310925
20241010,0.006417240175115903
20241011,0.04006595761287368
20241012,0.07638819382453721
20241013,0.4160567945528039
20241014,0.0001521947796400715
20241015,0.002352165303207664
20241016,0.16980843375549268
20241017,0.4547546174800467
20241018,0.5224674836676731
20241019,0.590182031855571
20241020,0.5667635683260873
