initdate,fcdates,nrdays,member,TG(C),FG(kts),HU(-),RRrate[mm.h-1]
20241105T12,20241106T12,1,0,12.5389709472656,1.57901084423065,0.768069803714752,0.0122744590044022
20241105T12,20241106T12,1,1,11.8060607910156,0.750966370105743,0.839289605617523,0.0011097639799118
20241105T12,20241106T12,1,2,11.6854553222656,2.13798308372498,0.855770885944366,0.00144839286804199
20241105T12,20241106T12,1,3,11.4608459472656,2.68054103851318,0.889383733272552,0
20241105T12,20241106T12,1,4,12.3065490722656,1.7437025308609,0.820843636989594,0.00804662704467773
20241105T12,20241106T12,1,5,12.5904846191406,2.20877504348755,0.775784492492676,0.00358745455741882
20241105T12,20241106T12,1,6,11.5865783691406,2.79639339447021,0.832034051418304,0.00575333833694458
20241105T12,20241106T12,1,7,11.8133850097656,2.45436453819275,0.884108185768127,0
20241105T12,20241106T12,1,8,11.9579162597656,2.56006550788879,0.842391908168793,0.00797286629676819
20241105T12,20241106T12,1,9,11.6249084472656,2.49542093276978,0.882608890533447,0
20241105T12,20241106T12,1,10,13.6498107910156,0.309837877750397,0.779914379119873,0.0129282474517822
20241105T12,20241106T12,1,11,10.9459533691406,2.447918176651,0.879277467727661,0.00480785965919495
20241105T12,20241106T12,1,12,12.7789611816406,1.05784678459167,0.803039789199829,0.0264968723058701
20241105T12,20241106T12,1,13,10.1576232910156,1.60254371166229,0.929364442825317,0
20241105T12,20241106T12,1,14,12.5143127441406,1.25650572776794,0.841310262680054,0
20241105T12,20241106T12,1,15,12.2320861816406,0.952936351299286,0.825470864772797,0.0323910266160965
20241105T12,20241106T12,1,16,12.3514709472656,0.826397895812988,0.833836197853088,0.0289343297481537
20241105T12,20241106T12,1,17,12.1400451660156,2.80214405059814,0.847670018672943,0.0333834439516068
20241105T12,20241106T12,1,18,13.1224670410156,1.65627551078796,0.790926575660706,0.0101689249277115
20241105T12,20241106T12,1,19,12.6610412597656,3.62519693374634,0.771665334701538,0.0215481966733932
20241105T12,20241106T12,1,20,12.7228088378906,1.97769641876221,0.786523938179016,0.00847913324832916
20241105T12,20241106T12,1,21,12.1517639160156,1.29123592376709,0.771166920661926,0
20241105T12,20241106T12,1,22,12.3390197753906,2.52702641487122,0.838237047195435,0.00219270586967468
20241105T12,20241106T12,1,23,10.9127502441406,1.52629554271698,0.908703505992889,0
20241105T12,20241106T12,1,24,12.6778869628906,3.00238585472107,0.763158738613129,0.0116709619760513
20241105T12,20241106T12,1,25,12.9542541503906,1.24185645580292,0.776182174682617,0
20241105T12,20241106T12,1,26,10.9913635253906,1.31906187534332,0.905161559581757,0
20241105T12,20241106T12,1,27,12.5008850097656,1.95864903926849,0.768236517906189,0.00102594494819641
20241105T12,20241106T12,1,28,12.4430236816406,0.481028884649277,0.824373841285706,0.0147923827171326
20241105T12,20241106T12,1,29,11.5191955566406,2.34540987014771,0.84633207321167,0
20241105T12,20241106T12,1,30,12.6510314941406,3.45616626739502,0.753844678401947,0
20241105T12,20241106T12,1,31,12.0926818847656,1.48064696788788,0.836050391197205,0.0253032892942429
20241105T12,20241106T12,1,32,12.5970764160156,3.78017735481262,0.809426069259644,0.0195499509572983
20241105T12,20241106T12,1,33,13.1166076660156,1.98183393478394,0.805339455604553,0.0386305153369904
20241105T12,20241106T12,1,34,12.6092834472656,1.843022108078,0.801598250865936,0.0411920249462128
20241105T12,20241106T12,1,35,11.6544494628906,1.64544951915741,0.897474944591522,0
20241105T12,20241106T12,1,36,13.1288146972656,2.94069123268127,0.792588531970978,0
20241105T12,20241106T12,1,37,13.0296936035156,1.4948982000351,0.826768755912781,0.0220645219087601
20241105T12,20241106T12,1,38,11.3002014160156,0.632330417633057,0.774632215499878,0.00810027122497559
20241105T12,20241106T12,1,39,12.7972717285156,1.04773187637329,0.799180507659912,0.00417251139879227
20241105T12,20241106T12,1,40,12.6383361816406,3.25473403930664,0.838625431060791,0.00528059899806976
20241105T12,20241106T12,1,41,12.0252990722656,1.03820884227753,0.888374328613281,0
20241105T12,20241106T12,1,42,12.9837951660156,1.69448864459991,0.814797639846802,0.0320121645927429
20241105T12,20241106T12,1,43,11.7621154785156,2.03442573547363,0.860867381095886,0
20241105T12,20241106T12,1,44,12.2362365722656,0.854116797447205,0.80768209695816,0.00412054359912872
20241105T12,20241106T12,1,45,11.8033752441406,1.6062718629837,0.879252076148987,0
20241105T12,20241106T12,1,46,12.1288146972656,0.565598964691162,0.801610946655273,0.00768117606639862
20241105T12,20241106T12,1,47,12.8966369628906,1.89874064922333,0.783533453941345,0
20241105T12,20241106T12,1,48,11.5001525878906,1.3961877822876,0.848490357398987,0.00625625252723694
20241105T12,20241106T12,1,49,11.3793029785156,2.94481992721558,0.890085577964783,0
20241105T12,20241106T12,1,50,12.8771057128906,2.65156364440918,0.803437471389771,0.00773146748542786
20241105T12,20241107T12,2,0,8.73965454101562,5.56331014633179,0.829675793647766,0
20241105T12,20241107T12,2,1,7.68692016601562,7.34375238418579,0.85377049446106,0.0100918114185333
20241105T12,20241107T12,2,2,8.30484008789062,7.39799070358276,0.812902688980103,0
20241105T12,20241107T12,2,3,8.43960571289062,6.82564163208008,0.867470920085907,0
20241105T12,20241107T12,2,4,9.56118774414062,5.97393941879272,0.825562596321106,0
20241105T12,20241107T12,2,5,8.18032836914062,6.64932870864868,0.864674210548401,0.00491850078105927
20241105T12,20241107T12,2,6,8.42446899414062,6.37284803390503,0.828170478343964,0
20241105T12,20241107T12,2,7,9.36734008789062,5.2292857170105,0.867297351360321,0
20241105T12,20241107T12,2,8,7.98648071289062,6.00333070755005,0.86069643497467,0.00596791505813599
20241105T12,20241107T12,2,9,7.96182250976562,7.09810161590576,0.901824831962585,0
20241105T12,20241107T12,2,10,8.43301391601562,5.2936635017395,0.871303975582123,0.00821426510810852
20241105T12,20241107T12,2,11,8.04214477539062,5.95014762878418,0.863577842712402,0.01048743724823
20241105T12,20241107T12,2,12,9.65322875976562,6.59807300567627,0.798271536827087,0
20241105T12,20241107T12,2,13,9.10635375976562,6.32245302200317,0.834861874580383,0
20241105T12,20241107T12,2,14,8.61050415039062,5.82243728637695,0.893265545368195,0
20241105T12,20241107T12,2,15,9.80044555664062,7.31154537200928,0.822486579418182,0
20241105T12,20241107T12,2,16,8.09463500976562,7.43996143341064,0.833656072616577,0.00494197010993958
20241105T12,20241107T12,2,17,8.57241821289062,5.92234802246094,0.863982498645782,0
20241105T12,20241107T12,2,18,8.19082641601562,5.44149303436279,0.888922691345215,0.00785887241363525
20241105T12,20241107T12,2,19,8.51016235351562,5.67618274688721,0.816431701183319,0.0011097639799118
20241105T12,20241107T12,2,20,8.90786743164062,6.64611768722534,0.847938597202301,0
20241105T12,20241107T12,2,21,8.61709594726562,5.81020021438599,0.849590301513672,0
20241105T12,20241107T12,2,22,9.62393188476562,7.31412839889526,0.832272827625275,0
20241105T12,20241107T12,2,23,9.89907836914062,6.68300771713257,0.829621851444244,0
20241105T12,20241107T12,2,24,7.74160766601562,6.22290229797363,0.830218017101288,0.00425130128860474
20241105T12,20241107T12,2,25,8.69692993164062,5.73756980895996,0.855627715587616,0.0030912458896637
20241105T12,20241107T12,2,26,7.92593383789062,4.78004121780396,0.905575752258301,0
20241105T12,20241107T12,2,27,7.41665649414062,5.86633825302124,0.898787796497345,0.0034332275390625
20241105T12,20241107T12,2,28,8.45376586914062,6.77644729614258,0.835521519184113,0
20241105T12,20241107T12,2,29,7.68008422851562,7.07489156723022,0.834026396274567,0.00425130128860474
20241105T12,20241107T12,2,30,9.85098266601562,7.04057645797729,0.822195172309875,0
20241105T12,20241107T12,2,31,8.87368774414062,7.03949880599976,0.830036103725433,0
20241105T12,20241107T12,2,32,8.01602172851562,5.98484659194946,0.883715689182281,0.000818073749542236
20241105T12,20241107T12,2,33,8.12954711914062,5.64605569839478,0.902009725570679,0
20241105T12,20241107T12,2,34,7.92984008789062,7.7163724899292,0.817084968090057,0.0177763402462006
20241105T12,20241107T12,2,35,10.3871154785156,6.76981830596924,0.811056077480316,0
20241105T12,20241107T12,2,36,8.39761352539062,4.90598154067993,0.870046555995941,0
20241105T12,20241107T12,2,37,8.91397094726562,6.91939258575439,0.871414363384247,0
20241105T12,20241107T12,2,38,7.39468383789062,5.50570917129517,0.870833337306976,0.0153522938489914
20241105T12,20241107T12,2,39,8.53506469726562,6.34921360015869,0.854767918586731,0.00179708003997803
20241105T12,20241107T12,2,40,9.23672485351562,3.21993947029114,0.889716863632202,0.00192783772945404
20241105T12,20241107T12,2,41,7.51968383789062,5.41438674926758,0.906164884567261,0.00514984130859375
20241105T12,20241107T12,2,42,8.27798461914062,7.04872274398804,0.846580386161804,0.00555887818336487
20241105T12,20241107T12,2,43,7.91763305664062,6.39620685577393,0.840260684490204,0.00364445149898529
20241105T12,20241107T12,2,44,8.16592407226562,5.56067752838135,0.869370520114899,0.00204853713512421
20241105T12,20241107T12,2,45,9.28677368164062,7.36248970031738,0.829656302928925,0
20241105T12,20241107T12,2,46,7.50625610351562,5.93003368377686,0.879636704921722,0.0210016965866089
20241105T12,20241107T12,2,47,9.58145141601562,4.89168643951416,0.817553400993347,0
20241105T12,20241107T12,2,48,9.40567016601562,6.28883123397827,0.801281630992889,0
20241105T12,20241107T12,2,49,7.66128540039062,6.33861637115479,0.868425905704498,0.00435858964920044
20241105T12,20241107T12,2,50,7.35537719726562,5.48229885101318,0.87378191947937,0.00932738184928894
20241105T12,20241108T12,3,0,8.77188110351562,7.11928606033325,0.798040151596069,0
20241105T12,20241108T12,3,1,8.42153930664062,7.23454570770264,0.804503738880157,0
20241105T12,20241108T12,3,2,9.48086547851562,5.4068922996521,0.815552055835724,0
20241105T12,20241108T12,3,3,10.3587951660156,6.02135753631592,0.832678735256195,0
20241105T12,20241108T12,3,4,9.71499633789062,5.16098785400391,0.828428864479065,0
20241105T12,20241108T12,3,5,11.2313537597656,5.4198145866394,0.833439886569977,0
20241105T12,20241108T12,3,6,9.96182250976562,5.92021989822388,0.821502327919006,0
20241105T12,20241108T12,3,7,7.98062133789062,9.98694705963135,0.813882946968079,0
20241105T12,20241108T12,3,8,9.89028930664062,6.65139150619507,0.820508539676666,0
20241105T12,20241108T12,3,9,7.67349243164062,9.21108245849609,0.850507318973541,0
20241105T12,20241108T12,3,10,10.1285705566406,6.29239082336426,0.81739741563797,0
20241105T12,20241108T12,3,11,9.38589477539062,5.84404563903809,0.816491067409515,0.00136792659759521
20241105T12,20241108T12,3,12,12.3331604003906,5.91278982162476,0.843009889125824,0
20241105T12,20241108T12,3,13,9.80484008789062,7.35162782669067,0.815530896186829,0
20241105T12,20241108T12,3,14,7.54458618164062,8.75732135772705,0.855015516281128,0
20241105T12,20241108T12,3,15,10.4410705566406,4.64619302749634,0.834820151329041,0
20241105T12,20241108T12,3,16,9.25747680664062,4.65192413330078,0.836326658725739,0.00814720988273621
20241105T12,20241108T12,3,17,9.02212524414062,5.4545521736145,0.817422091960907,0
20241105T12,20241108T12,3,18,9.23916625976562,8.45900630950928,0.811280608177185,0
20241105T12,20241108T12,3,19,9.27383422851562,6.01603937149048,0.821757674217224,0
20241105T12,20241108T12,3,20,9.43154907226562,6.36172676086426,0.812273919582367,0
20241105T12,20241108T12,3,21,8.96182250976562,7.38338994979858,0.829074501991272,0
20241105T12,20241108T12,3,22,10.0057678222656,5.56496429443359,0.828251659870148,0
20241105T12,20241108T12,3,23,8.72402954101562,7.94291019439697,0.825267016887665,0
20241105T12,20241108T12,3,24,8.68472290039062,4.9168062210083,0.812414348125458,0
20241105T12,20241108T12,3,25,9.24282836914062,5.43444347381592,0.838098585605621,0
20241105T12,20241108T12,3,26,8.99111938476562,5.63518810272217,0.864720106124878,0
20241105T12,20241108T12,3,27,9.46231079101562,6.30396270751953,0.828696250915527,0
20241105T12,20241108T12,3,28,10.1527404785156,5.43991899490356,0.818952322006226,0
20241105T12,20241108T12,3,29,10.0397033691406,5.84859609603882,0.819337010383606,0
20241105T12,20241108T12,3,30,9.76504516601562,6.12213325500488,0.82574987411499,0
20241105T12,20241108T12,3,31,9.72256469726562,7.83620929718018,0.807591676712036,0
20241105T12,20241108T12,3,32,6.97573852539062,8.95084190368652,0.78795975446701,0.0179573893547058
20241105T12,20241108T12,3,33,7.86074829101562,6.86853981018066,0.864105939865112,0
20241105T12,20241108T12,3,34,9.91104125976562,7.67361116409302,0.80653041601181,0
20241105T12,20241108T12,3,35,10.1756896972656,4.94176626205444,0.845371842384338,0
20241105T12,20241108T12,3,36,6.94155883789062,5.82564783096313,0.901381015777588,0
20241105T12,20241108T12,3,37,8.84439086914062,7.7584400177002,0.818795680999756,0
20241105T12,20241108T12,3,38,8.81436157226562,6.66396999359131,0.805228114128113,0
20241105T12,20241108T12,3,39,9.26382446289062,6.63457345962524,0.81033593416214,0
20241105T12,20241108T12,3,40,6.56167602539062,5.60853004455566,0.922976553440094,0.00514984130859375
20241105T12,20241108T12,3,41,9.43032836914062,5.96306610107422,0.813795745372772,0
20241105T12,20241108T12,3,42,8.90518188476562,8.76434516906738,0.780087888240814,0
20241105T12,20241108T12,3,43,8.35244750976562,6.48802614212036,0.810816049575806,0
20241105T12,20241108T12,3,44,8.85000610351562,7.43221426010132,0.817127406597137,0
20241105T12,20241108T12,3,45,8.70938110351562,6.66430425643921,0.82455575466156,0
20241105T12,20241108T12,3,46,9.47402954101562,7.24310779571533,0.811909914016724,0
20241105T12,20241108T12,3,47,8.52896118164062,5.19843769073486,0.84982043504715,0
20241105T12,20241108T12,3,48,10.0543518066406,5.79527378082275,0.809784233570099,0
20241105T12,20241108T12,3,49,9.06338500976562,9.03012466430664,0.778518855571747,0
20241105T12,20241108T12,3,50,8.23184204101562,8.01361465454102,0.802798092365265,0
20241105T12,20241109T12,4,0,11.6424865722656,4.55101680755615,0.839925229549408,0.00139474868774414
20241105T12,20241109T12,4,1,10.7823791503906,0.923789501190186,0.902132451534271,0
20241105T12,20241109T12,4,2,10.8651428222656,1.77418756484985,0.780801951885223,0.0301077961921692
20241105T12,20241109T12,4,3,12.5465393066406,4.13496971130371,0.833077549934387,0
20241105T12,20241109T12,4,4,8.94448852539062,3.83710384368896,0.843526065349579,0
20241105T12,20241109T12,4,5,13.1129455566406,2.7567720413208,0.82421875,0
20241105T12,20241109T12,4,6,9.88247680664062,3.25720548629761,0.836775481700897,0
20241105T12,20241109T12,4,7,9.10391235351562,3.16464996337891,0.837011098861694,0.0201232731342316
20241105T12,20241109T12,4,8,8.98062133789062,3.75492477416992,0.841412425041199,0
20241105T12,20241109T12,4,9,8.62686157226562,4.82456493377686,0.783622443675995,0
20241105T12,20241109T12,4,10,11.2845764160156,0.982139408588409,0.839897453784943,0.00535771250724792
20241105T12,20241109T12,4,11,12.5860900878906,3.473881483078,0.824472069740295,0.00364780426025391
20241105T12,20241109T12,4,12,13.3553771972656,2.64517021179199,0.834350347518921,0
20241105T12,20241109T12,4,13,9.64346313476562,4.51947069168091,0.819574415683746,0
20241105T12,20241109T12,4,14,12.0958557128906,3.37938761711121,0.825220048427582,0
20241105T12,20241109T12,4,15,10.6273498535156,2.71134376525879,0.854133307933807,0
20241105T12,20241109T12,4,16,12.9676818847656,0.847428619861603,0.848701238632202,0
20241105T12,20241109T12,4,17,7.71548461914062,3.30350756645203,0.833082854747772,0.00729560852050781
20241105T12,20241109T12,4,18,8.29287719726562,3.12543416023254,0.840500891208649,0
20241105T12,20241109T12,4,19,8.35513305664062,3.18619728088379,0.841477930545807,0
20241105T12,20241109T12,4,20,9.39395141601562,2.01956462860107,0.851917624473572,0.00514984130859375
20241105T12,20241109T12,4,21,9.57315063476562,1.49899089336395,0.815646708011627,0
20241105T12,20241109T12,4,22,11.4803771972656,3.83546137809753,0.821000397205353,0.000818073749542236
20241105T12,20241109T12,4,23,8.68228149414062,5.10574007034302,0.764178514480591,0.0205658376216888
20241105T12,20241109T12,4,24,11.3956604003906,2.54870963096619,0.674899637699127,0.0033259391784668
20241105T12,20241109T12,4,25,9.32876586914062,3.11207723617554,0.792002260684967,0.00470727682113647
20241105T12,20241109T12,4,26,8.15591430664062,7.88274526596069,0.797625064849854,0
20241105T12,20241109T12,4,27,8.71646118164062,1.33547496795654,0.849842011928558,0.0067591667175293
20241105T12,20241109T12,4,28,10.8028869628906,3.87974858283997,0.838495135307312,0
20241105T12,20241109T12,4,29,8.98013305664062,6.0724925994873,0.812920749187469,0
20241105T12,20241109T12,4,30,11.3470764160156,3.38721919059753,0.86603969335556,0
20241105T12,20241109T12,4,31,10.2179260253906,1.64953553676605,0.851722598075867,0
20241105T12,20241109T12,4,32,9.07266235351562,3.7734522819519,0.823662579059601,0.0185877084732056
20241105T12,20241109T12,4,33,8.09805297851562,2.25253057479858,0.745363652706146,0.0129885971546173
20241105T12,20241109T12,4,34,9.14468383789062,4.38640069961548,0.799608588218689,0
20241105T12,20241109T12,4,35,11.9566955566406,3.37418913841248,0.848312139511108,0
20241105T12,20241109T12,4,36,10.1502990722656,3.05761671066284,0.826658129692078,0.0101387500762939
20241105T12,20241109T12,4,37,8.06192016601562,5.55227565765381,0.81894588470459,0
20241105T12,20241109T12,4,38,13.5228576660156,5.37757444381714,0.820456027984619,0
20241105T12,20241109T12,4,39,14.0260314941406,7.74457168579102,0.851926326751709,0.00321865081787109
20241105T12,20241109T12,4,40,7.72158813476562,1.88634288311005,0.770864367485046,0.0190973281860352
20241105T12,20241109T12,4,41,8.36245727539062,6.09343385696411,0.805359244346619,0
20241105T12,20241109T12,4,42,9.24819946289062,4.56612682342529,0.793668627738953,0
20241105T12,20241109T12,4,43,11.1861877441406,3.90794324874878,0.806515157222748,0.103788077831268
20241105T12,20241109T12,4,44,13.0585021972656,3.60002064704895,0.800812482833862,0.00396966934204102
20241105T12,20241109T12,4,45,10.5594787597656,3.64632320404053,0.864081740379333,0
20241105T12,20241109T12,4,46,9.10342407226562,6.34216785430908,0.768455147743225,0
20241105T12,20241109T12,4,47,10.9183654785156,2.54392266273499,0.883381426334381,0
20241105T12,20241109T12,4,48,8.08071899414062,6.09639835357666,0.774728298187256,0
20241105T12,20241109T12,4,49,8.57901000976562,7.21810817718506,0.763620138168335,0
20241105T12,20241109T12,4,50,7.93447875976562,2.69235181808472,0.804666101932526,0.00139474868774414
20241105T12,20241110T12,5,0,11.6908264160156,4.93557643890381,0.876534879207611,0.00103265047073364
20241105T12,20241110T12,5,1,12.3839416503906,2.23043775558472,0.899627149105072,0.0930994749069214
20241105T12,20241110T12,5,2,11.3331604003906,4.1820330619812,0.843587756156921,0.0184535980224609
20241105T12,20241110T12,5,3,13.9195861816406,5.96394300460815,0.884093403816223,0.0122040510177612
20241105T12,20241110T12,5,4,6.22036743164062,1.18289017677307,0.888768196105957,0
20241105T12,20241110T12,5,5,9.03018188476562,0.957224428653717,0.981191098690033,0
20241105T12,20241110T12,5,6,6.07192993164062,2.64713001251221,0.88216757774353,0
20241105T12,20241110T12,5,7,11.1559143066406,2.42837047576904,0.881220936775208,0.0137530267238617
20241105T12,20241110T12,5,8,5.00869750976562,2.10786962509155,0.943967521190643,0.000898540019989014
20241105T12,20241110T12,5,9,8.19668579101562,3.93513345718384,0.818251490592957,0
20241105T12,20241110T12,5,10,12.4459533691406,1.81444311141968,0.761225879192352,0
20241105T12,20241110T12,5,11,13.5848693847656,2.2242796421051,0.919747292995453,0.000321865081787109
20241105T12,20241110T12,5,12,9.41738891601562,1.35028529167175,0.983369886875153,0
20241105T12,20241110T12,5,13,9.25552368164062,4.08204507827759,0.806733012199402,0
20241105T12,20241110T12,5,14,7.84609985351562,3.52760887145996,0.98216986656189,0
20241105T12,20241110T12,5,15,7.59683227539062,2.6801769733429,0.966543555259705,0
20241105T12,20241110T12,5,16,10.6144104003906,4.97717380523682,0.979070663452148,0
20241105T12,20241110T12,5,17,9.49258422851562,3.88078594207764,0.674271464347839,0.00492185354232788
20241105T12,20241110T12,5,18,7.78384399414062,4.56453418731689,0.675122678279877,0.00493526458740234
20241105T12,20241110T12,5,19,9.39492797851562,3.47544813156128,0.837886273860931,0.000885128974914551
20241105T12,20241110T12,5,20,13.1622619628906,3.39052510261536,0.858320116996765,0
20241105T12,20241110T12,5,21,10.2833557128906,4.73061656951904,0.827894270420074,0
20241105T12,20241110T12,5,22,11.9354553222656,2.39204049110413,0.81952291727066,0
20241105T12,20241110T12,5,23,9.66983032226562,2.87645292282104,0.74941623210907,0
20241105T12,20241110T12,5,24,11.4435119628906,2.54809236526489,0.664843142032623,0
20241105T12,20241110T12,5,25,9.12930297851562,1.13156175613403,0.712423503398895,0
20241105T12,20241110T12,5,26,8.23159790039062,5.5695104598999,0.779003143310547,0
20241105T12,20241110T12,5,27,10.0668029785156,4.1553783416748,0.838021516799927,0
20241105T12,20241110T12,5,28,8.23916625976562,4.1997709274292,0.848102748394012,0
20241105T12,20241110T12,5,29,5.97549438476562,0.492246925830841,0.904208838939667,0
20241105T12,20241110T12,5,30,14.3363342285156,6.05429697036743,0.877503991127014,0.00493526458740234
20241105T12,20241110T12,5,31,8.57534790039062,2.99227714538574,0.837352097034454,0
20241105T12,20241110T12,5,32,12.7445373535156,3.16803789138794,0.820852160453796,0.00107288360595703
20241105T12,20241110T12,5,33,8.02578735351562,0.785124719142914,0.704251050949097,0
20241105T12,20241110T12,5,34,7.87564086914062,4.30936574935913,0.80596262216568,0
20241105T12,20241110T12,5,35,11.3329162597656,3.66017556190491,0.875736713409424,0
20241105T12,20241110T12,5,36,12.5255432128906,4.77717924118042,0.788063228130341,0.00171661376953125
20241105T12,20241110T12,5,37,6.81069946289062,3.67452430725098,0.849364697933197,0
20241105T12,20241110T12,5,38,13.5768127441406,10.7308177947998,0.896857142448425,0.0786423683166504
20241105T12,20241110T12,5,39,13.6217346191406,9.31883144378662,0.913783252239227,0.151625275611877
20241105T12,20241110T12,5,40,9.45230102539062,2.54529309272766,0.842587947845459,0.00163614749908447
20241105T12,20241110T12,5,41,7.47940063476562,5.44513702392578,0.821464955806732,0
20241105T12,20241110T12,5,42,7.01699829101562,3.82394337654114,0.821717917919159,0
20241105T12,20241110T12,5,43,13.1432189941406,4.55830478668213,0.851738452911377,0
20241105T12,20241110T12,5,44,11.0680236816406,2.20490002632141,0.955060720443726,0.0102192163467407
20241105T12,20241110T12,5,45,11.9210510253906,4.72559213638306,0.748302698135376,0.0237107276916504
20241105T12,20241110T12,5,46,11.4681701660156,5.15963315963745,0.696686923503876,0.00327229499816895
20241105T12,20241110T12,5,47,11.1922912597656,2.21088123321533,0.937572479248047,0.0352978706359863
20241105T12,20241110T12,5,48,8.11782836914062,4.32814693450928,0.670659363269806,0.00466704368591309
20241105T12,20241110T12,5,49,8.23843383789062,1.96662890911102,0.866110503673553,0
20241105T12,20241110T12,5,50,9.40054321289062,4.87577199935913,0.730765700340271,0
20241105T12,20241111T12,6,0,11.9347229003906,2.32487010955811,0.819669902324677,0
20241105T12,20241111T12,6,1,11.1307678222656,2.86587882041931,0.989161968231201,0.00171661376953125
20241105T12,20241111T12,6,2,14.5846252441406,7.65157461166382,0.809256851673126,0.0204116106033325
20241105T12,20241111T12,6,3,13.8797912597656,5.84867858886719,0.929135680198669,0.0140011310577393
20241105T12,20241111T12,6,4,9.63442993164062,3.25398206710815,0.952529430389404,0.0226378440856934
20241105T12,20241111T12,6,5,10.7899475097656,1.02235805988312,0.943118035793304,0.000818073749542236
20241105T12,20241111T12,6,6,7.77041625976562,1.23088884353638,0.80541980266571,0
20241105T12,20241111T12,6,7,8.20059204101562,4.39851522445679,0.844289779663086,0
20241105T12,20241111T12,6,8,7.18667602539062,3.11424207687378,0.796369016170502,0
20241105T12,20241111T12,6,9,9.05923461914062,3.25992155075073,0.88456118106842,0.00257492065429688
20241105T12,20241111T12,6,10,12.0563049316406,3.79663777351379,0.686825573444366,0
20241105T12,20241111T12,6,11,13.7364807128906,3.53851866722107,0.886915802955627,0.014081597328186
20241105T12,20241111T12,6,12,10.1009826660156,5.11131048202515,0.848429679870605,0.00643730163574219
20241105T12,20241111T12,6,13,7.24893188476562,5.51480150222778,0.775618851184845,0
20241105T12,20241111T12,6,14,5.42422485351562,5.1206226348877,0.940678238868713,0
20241105T12,20241111T12,6,15,8.98013305664062,1.55136823654175,0.84277755022049,0
20241105T12,20241111T12,6,16,11.8724670410156,4.43263530731201,0.947611391544342,0.0215381383895874
20241105T12,20241111T12,6,17,10.2899475097656,5.71336126327515,0.801324367523193,0.000160932540893555
20241105T12,20241111T12,6,18,9.72378540039062,3.17648315429688,0.758255422115326,0
20241105T12,20241111T12,6,19,10.6593322753906,1.72121465206146,0.70555168390274,0.0164419412612915
20241105T12,20241111T12,6,20,13.8170471191406,7.38609170913696,0.913398623466492,0.032421201467514
20241105T12,20241111T12,6,21,13.7284240722656,8.99726295471191,0.873674094676971,0.0233888626098633
20241105T12,20241111T12,6,22,9.52944946289062,6.37216520309448,0.661963582038879,0
20241105T12,20241111T12,6,23,12.3575744628906,1.12118101119995,0.895415127277374,0.00431835651397705
20241105T12,20241111T12,6,24,12.0169982910156,6.17135572433472,0.680214762687683,0
20241105T12,20241111T12,6,25,10.8368225097656,2.78540325164795,0.697018325328827,0
20241105T12,20241111T12,6,26,7.73599243164062,5.3341236114502,0.831405103206635,0
20241105T12,20241111T12,6,27,10.4584045410156,4.10120487213135,0.940592527389526,0.0171393156051636
20241105T12,20241111T12,6,28,8.25723266601562,2.62596201896667,0.800745666027069,0
20241105T12,20241111T12,6,29,8.18594360351562,8.23930549621582,0.801851034164429,0
20241105T12,20241111T12,6,30,13.1678771972656,6.80680656433105,0.964251279830933,0.0167369842529297
20241105T12,20241111T12,6,31,4.75015258789062,2.37525749206543,0.922837853431702,0
20241105T12,20241111T12,6,32,13.1156311035156,5.15728330612183,0.955653369426727,0.0196874141693115
20241105T12,20241111T12,6,33,7.84439086914062,3.71042442321777,0.79861056804657,0
20241105T12,20241111T12,6,34,5.91909790039062,2.51033878326416,0.887954652309418,0.0215649604797363
20241105T12,20241111T12,6,35,7.22842407226562,6.9398045539856,0.907663583755493,0.00773817300796509
20241105T12,20241111T12,6,36,13.0123596191406,2.02952027320862,0.937604010105133,0.000831484794616699
20241105T12,20241111T12,6,37,6.73599243164062,4.77471876144409,0.894266307353973,0
20241105T12,20241111T12,6,38,14.7269592285156,5.61031579971313,0.818871319293976,0.127887725830078
20241105T12,20241111T12,6,39,12.3692932128906,10.4421434402466,0.767975866794586,0.0310063362121582
20241105T12,20241111T12,6,40,9.64199829101562,7.05660057067871,0.778905689716339,0
20241105T12,20241111T12,6,41,7.64468383789062,9.17312812805176,0.780105531215668,0
20241105T12,20241111T12,6,42,5.63174438476562,8.51058769226074,0.808585941791534,0
20241105T12,20241111T12,6,43,14.3846740722656,6.0122594833374,0.843289613723755,0.00425130128860474
20241105T12,20241111T12,6,44,13.7257385253906,4.25686550140381,0.888356745243073,0.0639975070953369
20241105T12,20241111T12,6,45,11.3385314941406,6.24961805343628,0.800344407558441,0.00819414854049683
20241105T12,20241111T12,6,46,10.6258850097656,3.10044693946838,0.779214560985565,0.00136792659759521
20241105T12,20241111T12,6,47,11.9549865722656,1.53715074062347,0.764579772949219,0.00654458999633789
20241105T12,20241111T12,6,48,8.39004516601562,2.43439245223999,0.739710509777069,0
20241105T12,20241111T12,6,49,6.78579711914062,4.56109952926636,0.792479157447815,0
20241105T12,20241111T12,6,50,12.4415588378906,4.90493297576904,0.853477716445923,0.000348687171936035
20241105T12,20241112T12,7,0,11.6615295410156,9.39021396636963,0.748105823993683,0.0115334987640381
20241105T12,20241112T12,7,1,10.9027404785156,7.56085538864136,0.841129958629608,0.0639438629150391
20241105T12,20241112T12,7,2,14.7223205566406,5.46192121505737,0.828705370426178,0.00308454036712646
20241105T12,20241112T12,7,3,11.1205139160156,13.2672472000122,0.667657434940338,0
20241105T12,20241112T12,7,4,9.88638305664062,4.16773748397827,0.944763243198395,0
20241105T12,20241112T12,7,5,12.3121643066406,12.3322095870972,0.694617688655853,0
20241105T12,20241112T12,7,6,11.2252502441406,9.84261798858643,0.845532178878784,0.0438809394836426
20241105T12,20241112T12,7,7,5.42153930664062,5.64811086654663,0.823728621006012,0
20241105T12,20241112T12,7,8,4.92984008789062,7.12641668319702,0.848492801189423,0
20241105T12,20241112T12,7,9,10.1393127441406,6.57340621948242,0.815795660018921,0.00150203704833984
20241105T12,20241112T12,7,10,11.8019104003906,8.32650089263916,0.858985841274261,0
20241105T12,20241112T12,7,11,11.0238342285156,16.7089786529541,0.612511098384857,0
20241105T12,20241112T12,7,12,13.0318908691406,7.68741941452026,0.851825952529907,0.00571310520172119
20241105T12,20241112T12,7,13,5.04678344726562,9.81235790252686,0.879543364048004,0.029987096786499
20241105T12,20241112T12,7,14,6.92153930664062,8.58119487762451,0.808498561382294,0
20241105T12,20241112T12,7,15,7.88540649414062,5.83723449707031,0.78389835357666,0
20241105T12,20241112T12,7,16,12.7853088378906,1.71703064441681,0.858682870864868,0.00649094581604004
20241105T12,20241112T12,7,17,11.4085998535156,9.24843215942383,0.686640501022339,0.0246763229370117
20241105T12,20241112T12,7,18,8.67739868164062,9.65924739837646,0.784521102905273,0
20241105T12,20241112T12,7,19,8.74380493164062,8.20736694335938,0.858815550804138,0
20241105T12,20241112T12,7,20,14.6512756347656,12.4313726425171,0.866169631481171,0.0173807144165039
20241105T12,20241112T12,7,21,10.5790100097656,12.5850200653076,0.714338719844818,0.0123381614685059
20241105T12,20241112T12,7,22,10.2711486816406,9.58865356445312,0.81316739320755,0.0834167003631592
20241105T12,20241112T12,7,23,11.9740295410156,6.6104736328125,0.770160973072052,0
20241105T12,20241112T12,7,24,10.1461486816406,4.25615167617798,0.941204190254211,0.0137060880661011
20241105T12,20241112T12,7,25,8.76724243164062,0.387608051300049,0.72501939535141,0
20241105T12,20241112T12,7,26,7.85855102539062,5.23303127288818,0.830460727214813,0
20241105T12,20241112T12,7,27,9.27651977539062,2.24754047393799,0.800306379795074,0
20241105T12,20241112T12,7,28,6.23574829101562,8.78210830688477,0.820800125598907,0
20241105T12,20241112T12,7,29,9.25161743164062,8.28145503997803,0.842708945274353,0
20241105T12,20241112T12,7,30,9.22817993164062,5.44068813323975,0.954952120780945,0.0168375670909882
20241105T12,20241112T12,7,31,11.3341369628906,8.84293842315674,0.746610105037689,0.00423789024353027
20241105T12,20241112T12,7,32,11.5919494628906,4.13256072998047,0.786963999271393,0.000831484794616699
20241105T12,20241112T12,7,33,10.0919494628906,7.98521947860718,0.835511028766632,0.0594377517700195
20241105T12,20241112T12,7,34,8.35244750976562,3.67654705047607,0.815053939819336,0
20241105T12,20241112T12,7,35,12.6234436035156,6.63792133331299,0.806887865066528,0.000160932540893555
20241105T12,20241112T12,7,36,11.6234436035156,8.10387897491455,0.772385239601135,0.0126063823699951
20241105T12,20241112T12,7,37,5.50137329101562,5.79629802703857,0.86336624622345,0.00248439610004425
20241105T12,20241112T12,7,38,11.0387268066406,10.5030527114868,0.786398947238922,0.0158786773681641
20241105T12,20241112T12,7,39,10.2635803222656,8.85379600524902,0.83592277765274,0.080573558807373
20241105T12,20241112T12,7,40,8.79360961914062,6.43167018890381,0.787510573863983,0
20241105T12,20241112T12,7,41,8.23916625976562,5.81030511856079,0.79025661945343,0
20241105T12,20241112T12,7,42,6.06558227539062,8.08677673339844,0.807394325733185,0
20241105T12,20241112T12,7,43,12.5973205566406,9.21535491943359,0.73807281255722,0
20241105T12,20241112T12,7,44,11.7189025878906,4.40782928466797,0.859489798545837,0
20241105T12,20241112T12,7,45,9.35708618164062,9.87834453582764,0.829077959060669,0.0279486179351807
20241105T12,20241112T12,7,46,10.2760314941406,7.16019201278687,0.814878344535828,0
20241105T12,20241112T12,7,47,12.0038146972656,6.00334405899048,0.722622692584991,0
20241105T12,20241112T12,7,48,9.25625610351562,1.72386598587036,0.765312552452087,0
20241105T12,20241112T12,7,49,5.64053344726562,9.13033485412598,0.801956474781036,0
20241105T12,20241112T12,7,50,12.0289611816406,2.68314146995544,0.736699402332306,0.0467509031295776
20241105T12,20241113T12,8,0,10.0414123535156,8.75484561920166,0.777959525585175,0
20241105T12,20241113T12,8,1,9.04995727539062,6.76226139068604,0.793979525566101,0.0388383865356445
20241105T12,20241113T12,8,2,13.1981506347656,6.90273237228394,0.776381015777588,0.00480785965919495
20241105T12,20241113T12,8,3,10.5343322753906,11.2527141571045,0.745310842990875,0.0052034854888916
20241105T12,20241113T12,8,4,8.47134399414062,7.31219720840454,0.875252783298492,0.00756382942199707
20241105T12,20241113T12,8,5,9.33706665039062,3.49076390266418,0.803956747055054,0
20241105T12,20241113T12,8,6,10.2208557128906,11.2767810821533,0.70888477563858,0.0469386577606201
20241105T12,20241113T12,8,7,6.27310180664062,4.45621728897095,0.793379843235016,0
20241105T12,20241113T12,8,8,11.0201721191406,7.75092840194702,0.840531587600708,0.0754237174987793
20241105T12,20241113T12,8,9,8.61465454101562,13.8831014633179,0.782451808452606,0
20241105T12,20241113T12,8,10,6.94863891601562,9.36578273773193,0.81581038236618,0.00245422124862671
20241105T12,20241113T12,8,11,8.56729125976562,9.43545818328857,0.696805834770203,0
20241105T12,20241113T12,8,12,8.79360961914062,4.6092700958252,0.75739985704422,0
20241105T12,20241113T12,8,13,6.61074829101562,6.97114229202271,0.873535633087158,0
20241105T12,20241113T12,8,14,11.9691467285156,6.42904758453369,0.768248438835144,0.0138737261295319
20241105T12,20241113T12,8,15,7.91885375976562,3.43708157539368,0.827161133289337,0
20241105T12,20241113T12,8,16,11.7181701660156,2.08774447441101,0.817617416381836,0.00171661376953125
20241105T12,20241113T12,8,17,8.91934204101562,4.85967588424683,0.846337139606476,0.123918056488037
20241105T12,20241113T12,8,18,9.49380493164062,1.91651809215546,0.792789697647095,0
20241105T12,20241113T12,8,19,7.47622680664062,7.66802787780762,0.905298173427582,0
20241105T12,20241113T12,8,20,12.3585510253906,12.2310380935669,0.676806330680847,0
20241105T12,20241113T12,8,21,8.33364868164062,6.73126983642578,0.782948732376099,0.292575359344482
20241105T12,20241113T12,8,22,5.14297485351562,8.08037281036377,0.884196758270264,0.00136792659759521
20241105T12,20241113T12,8,23,7.51162719726562,5.97296714782715,0.880500316619873,0
20241105T12,20241113T12,8,24,13.7909240722656,7.71366500854492,0.80889892578125,0.0130489468574524
20241105T12,20241113T12,8,25,10.9501037597656,4.42782163619995,0.970308303833008,0.00482797622680664
20241105T12,20241113T12,8,26,6.24819946289062,4.83818817138672,0.799216687679291,0
20241105T12,20241113T12,8,27,9.72305297851562,4.35941982269287,0.797557234764099,0
20241105T12,20241113T12,8,28,5.36709594726562,5.28390312194824,0.820354282855988,0
20241105T12,20241113T12,8,29,6.58755493164062,6.279953956604,0.867839157581329,0
20241105T12,20241113T12,8,30,9.19888305664062,5.8323016166687,0.854734420776367,0.0409170985221863
20241105T12,20241113T12,8,31,9.74844360351562,7.15789127349854,0.767286360263824,0
20241105T12,20241113T12,8,32,8.53018188476562,6.12177753448486,0.750959575176239,0
20241105T12,20241113T12,8,33,7.50796508789062,6.19715023040771,0.886903166770935,0.0384628772735596
20241105T12,20241113T12,8,34,5.38516235351562,2.10905194282532,0.939366936683655,0
20241105T12,20241113T12,8,35,10.8102111816406,6.22670602798462,0.741995930671692,0
20241105T12,20241113T12,8,36,9.39810180664062,6.60356616973877,0.720658838748932,0.00321865081787109
20241105T12,20241113T12,8,37,7.32608032226562,2.83038187026978,0.838727951049805,0.00409707427024841
20241105T12,20241113T12,8,38,8.66494750976562,14.4750137329102,0.746927797794342,0.00348687171936035
20241105T12,20241113T12,8,39,9.16665649414062,13.8530712127686,0.734774827957153,0
20241105T12,20241113T12,8,40,7.73037719726562,6.02965259552002,0.835681974887848,0
20241105T12,20241113T12,8,41,8.53262329101562,7.50087356567383,0.882749736309052,0.00607185065746307
20241105T12,20241113T12,8,42,7.73867797851562,5.45764398574829,0.86520516872406,0
20241105T12,20241113T12,8,43,11.7357482910156,5.42501544952393,0.810684680938721,0.00901222229003906
20241105T12,20241113T12,8,44,13.3768615722656,10.734808921814,0.854052424430847,0.0393614172935486
20241105T12,20241113T12,8,45,8.64688110351562,7.2774715423584,0.838561177253723,0
20241105T12,20241113T12,8,46,11.9808654785156,9.48685073852539,0.833434820175171,0.000965595245361328
20241105T12,20241113T12,8,47,13.2179260253906,7.26220941543579,0.92122095823288,0.0249043107032776
20241105T12,20241113T12,8,48,11.1388244628906,9.1704740524292,0.76840877532959,0.0152349472045898
20241105T12,20241113T12,8,49,5.04409790039062,8.36710453033447,0.781921625137329,0
20241105T12,20241113T12,8,50,11.4317932128906,1.15695905685425,0.747114300727844,0
20241105T12,20241114T12,9,0,7.94253540039062,10.2208337783813,0.729478895664215,0.00246763229370117
20241105T12,20241114T12,9,1,7.20913696289062,6.30241394042969,0.870051681995392,0
20241105T12,20241114T12,9,2,12.7516174316406,3.54795622825623,0.860806524753571,0.0322602689266205
20241105T12,20241114T12,9,3,6.65274047851562,10.8521604537964,0.827691197395325,0.00777840614318848
20241105T12,20241114T12,9,4,8.35903930664062,1.28598427772522,0.799335420131683,0.000818073749542236
20241105T12,20241114T12,9,5,6.15567016601562,1.58208239078522,0.962737679481506,0
20241105T12,20241114T12,9,6,5.68472290039062,8.46383190155029,0.829285025596619,0.0180914998054504
20241105T12,20241114T12,9,7,6.77041625976562,2.93263125419617,0.812916100025177,0
20241105T12,20241114T12,9,8,6.36709594726562,9.60321712493896,0.815143764019012,0.0385165214538574
20241105T12,20241114T12,9,9,5.90249633789062,9.21613025665283,0.760641932487488,0
20241105T12,20241114T12,9,10,6.76895141601562,3.71397399902344,0.84835147857666,0
20241105T12,20241114T12,9,11,7.45889282226562,15.6699619293213,0.702115833759308,0
20241105T12,20241114T12,9,12,7.48110961914062,1.57788455486298,0.788774609565735,0
20241105T12,20241114T12,9,13,5.30947875976562,9.99048709869385,0.86558723449707,0
20241105T12,20241114T12,9,14,12.4835510253906,5.63754749298096,0.876258671283722,0.0046268105506897
20241105T12,20241114T12,9,15,9.14517211914062,5.05594635009766,0.837073981761932,0
20241105T12,20241114T12,9,16,12.1139221191406,4.19720029830933,0.782520771026611,0
20241105T12,20241114T12,9,17,5.99258422851562,1.80276191234589,0.942627191543579,0.00678598880767822
20241105T12,20241114T12,9,18,7.61416625976562,5.53781747817993,0.742561399936676,0
20241105T12,20241114T12,9,19,9.92520141601562,8.35049915313721,0.725671768188477,0
20241105T12,20241114T12,9,20,7.81631469726562,3.03296899795532,0.70563155412674,0.000429153442382812
20241105T12,20241114T12,9,21,5.89126586914062,3.15024209022522,0.83812427520752,0.0492990016937256
20241105T12,20241114T12,9,22,5.43936157226562,5.2835841178894,0.873449087142944,0.0812843441963196
20241105T12,20241114T12,9,23,8.61172485351562,3.26755976676941,0.735833823680878,0
20241105T12,20241114T12,9,24,13.6847229003906,9.37355613708496,0.855352938175201,0.00391602516174316
20241105T12,20241114T12,9,25,11.9205627441406,5.63975620269775,0.778548061847687,0
20241105T12,20241114T12,9,26,8.92984008789062,6.01645088195801,0.776512920856476,0
20241105T12,20241114T12,9,27,7.39541625976562,5.43238973617554,0.793393909931183,0
20241105T12,20241114T12,9,28,8.43521118164062,8.03095722198486,0.820648550987244,0
20241105T12,20241114T12,9,29,12.0628967285156,5.33725166320801,0.942468285560608,0.0210989266633987
20241105T12,20241114T12,9,30,7.46768188476562,9.55292415618896,0.755919098854065,0
20241105T12,20241114T12,9,31,12.1556701660156,7.8801794052124,0.929407894611359,0.0936359167098999
20241105T12,20241114T12,9,32,7.90176391601562,7.84875297546387,0.763633251190186,0
20241105T12,20241114T12,9,33,5.65371704101562,13.0855598449707,0.661021828651428,0
20241105T12,20241114T12,9,34,7.25845336914062,3.92565321922302,0.894548356533051,0
20241105T12,20241114T12,9,35,11.6815490722656,6.45088386535645,0.845502018928528,0.00313818454742432
20241105T12,20241114T12,9,36,6.53237915039062,8.5484094619751,0.765634417533875,0
20241105T12,20241114T12,9,37,7.06900024414062,7.99631452560425,0.746266007423401,0
20241105T12,20241114T12,9,38,9.37222290039062,12.7461128234863,0.767943680286407,0.0175416469573975
20241105T12,20241114T12,9,39,6.40786743164062,13.1802310943604,0.793238401412964,0.0164419412612915
20241105T12,20241114T12,9,40,11.6219787597656,10.0846338272095,0.819712042808533,0.000341981649398804
20241105T12,20241114T12,9,41,8.30654907226562,6.71117305755615,0.754174411296844,0
20241105T12,20241114T12,9,42,7.18423461914062,9.05340194702148,0.768652617931366,0
20241105T12,20241114T12,9,43,10.9230041503906,8.0985803604126,0.762442409992218,0
20241105T12,20241114T12,9,44,12.6417541503906,7.96133279800415,0.700563311576843,0
20241105T12,20241114T12,9,45,7.46377563476562,0.640870928764343,0.898099720478058,0
20241105T12,20241114T12,9,46,6.40762329101562,6.84931182861328,0.829931914806366,0.0420570373535156
20241105T12,20241114T12,9,47,7.94570922851562,4.99765920639038,0.77603155374527,0
20241105T12,20241114T12,9,48,6.62100219726562,4.45926237106323,0.797290623188019,0
20241105T12,20241114T12,9,49,6.29873657226562,3.94053435325623,0.770523428916931,0
20241105T12,20241114T12,9,50,11.0235900878906,1.1033308506012,0.847881615161896,0
20241105T12,20241115T12,10,0,6.44863891601562,8.37064075469971,0.707882165908813,0
20241105T12,20241115T12,10,1,5.43814086914062,5.44868040084839,0.885938584804535,0
20241105T12,20241115T12,10,2,11.4325256347656,4.05604696273804,0.798339605331421,0.0195667147636414
20241105T12,20241115T12,10,3,7.89859008789062,4.97466039657593,0.789252638816833,0
20241105T12,20241115T12,10,4,8.47183227539062,4.78041744232178,0.879474461078644,0.449538230895996
20241105T12,20241115T12,10,5,8.85342407226562,3.02633452415466,0.891457557678223,0.0825583934783936
20241105T12,20241115T12,10,6,8.73110961914062,5.03455638885498,0.905097126960754,0.0244885683059692
20241105T12,20241115T12,10,7,9.40811157226562,4.9832329750061,0.846828699111938,0
20241105T12,20241115T12,10,8,4.46768188476562,10.3863191604614,0.812584340572357,0.00751018524169922
20241105T12,20241115T12,10,9,5.63125610351562,0.740634322166443,0.842198848724365,0
20241105T12,20241115T12,10,10,9.56045532226562,4.52228879928589,0.858421087265015,0.000341981649398804
20241105T12,20241115T12,10,11,3.49551391601562,8.02695465087891,0.924650490283966,0.134110450744629
20241105T12,20241115T12,10,12,6.23110961914062,3.45528149604797,0.899518549442291,0
20241105T12,20241115T12,10,13,7.17959594726562,7.7067346572876,0.836522340774536,0.0621199607849121
20241105T12,20241115T12,10,14,11.1400451660156,2.88732099533081,0.745851576328278,0
20241105T12,20241115T12,10,15,7.58633422851562,3.52723693847656,0.83683854341507,0
20241105T12,20241115T12,10,16,8.09683227539062,4.45084571838379,0.9481440782547,0.00171661376953125
20241105T12,20241115T12,10,17,5.40005493164062,5.44518756866455,0.910390794277191,0.145053863525391
20241105T12,20241115T12,10,18,3.71499633789062,0.958346366882324,0.986663103103638,0
20241105T12,20241115T12,10,19,7.43521118164062,7.03621196746826,0.682120740413666,0
20241105T12,20241115T12,10,20,6.90396118164062,5.94951343536377,0.926849067211151,0.172251462936401
20241105T12,20241115T12,10,21,6.28530883789062,3.88723969459534,0.83687561750412,0
20241105T12,20241115T12,10,22,11.6478576660156,3.94901371002197,0.82273942232132,0.00820755958557129
20241105T12,20241115T12,10,23,6.03359985351562,5.45511770248413,0.74943870306015,0
20241105T12,20241115T12,10,24,9.97866821289062,11.1201906204224,0.595919847488403,0.00407695770263672
20241105T12,20241115T12,10,25,12.7084045410156,13.3489961624146,0.822733700275421,0.203526020050049
20241105T12,20241115T12,10,26,6.57388305664062,7.10632038116455,0.806593656539917,0
20241105T12,20241115T12,10,27,8.51235961914062,6.43336725234985,0.712885499000549,0
20241105T12,20241115T12,10,28,7.82070922851562,9.15825748443604,0.748645067214966,0
20241105T12,20241115T12,10,29,9.75381469726562,4.55048751831055,0.881625115871429,0
20241105T12,20241115T12,10,30,5.47695922851562,6.16048622131348,0.809446632862091,0.102245807647705
20241105T12,20241115T12,10,31,9.47012329101562,9.59301948547363,0.695002138614655,0
20241105T12,20241115T12,10,32,6.90444946289062,6.92947864532471,0.764523684978485,0
20241105T12,20241115T12,10,33,2.46499633789062,9.28941249847412,0.959249496459961,0.215622782707214
20241105T12,20241115T12,10,34,8.06460571289062,4.24619102478027,0.860357820987701,0
20241105T12,20241115T12,10,35,11.3202209472656,6.70408964157104,0.858855187892914,0.023120641708374
20241105T12,20241115T12,10,36,7.36734008789062,9.29234600067139,0.708636999130249,0.00375509262084961
20241105T12,20241115T12,10,37,6.57266235351562,4.00933599472046,0.742202699184418,0
20241105T12,20241115T12,10,38,6.11294555664062,10.3176612854004,0.707032680511475,0
20241105T12,20241115T12,10,39,6.32412719726562,11.0521564483643,0.892209053039551,0.00163614749908447
20241105T12,20241115T12,10,40,9.43569946289062,7.93104887008667,0.799767851829529,0
20241105T12,20241115T12,10,41,10.1561584472656,4.69481611251831,0.740208327770233,0
20241105T12,20241115T12,10,42,8.18911743164062,5.73874139785767,0.644471347332001,0
20241105T12,20241115T12,10,43,10.8099670410156,3.64465403556824,0.700566709041595,0
20241105T12,20241115T12,10,44,12.5228576660156,7.56199645996094,0.794867217540741,0.00477433204650879
20241105T12,20241115T12,10,45,10.4347229003906,5.88692760467529,0.73646092414856,0.0436663627624512
20241105T12,20241115T12,10,46,6.93887329101562,1.18369495868683,0.753149449825287,0
20241105T12,20241115T12,10,47,4.73281860351562,2.79099774360657,0.878863275051117,0
20241105T12,20241115T12,10,48,7.38711547851562,1.89967787265778,0.863073289394379,0.0087440013885498
20241105T12,20241115T12,10,49,2.81387329101562,4.07476806640625,0.95470917224884,0.0232681632041931
20241105T12,20241115T12,10,50,10.8739318847656,3.74498391151428,0.887548387050629,0.026567280292511
20241105T12,20241116T12,11,0,6.09463500976562,6.57299041748047,0.735385239124298,0
20241105T12,20241116T12,11,1,9.53872680664062,8.7842845916748,0.762993216514587,0
20241105T12,20241116T12,11,2,11.2384338378906,10.0572299957275,0.825313687324524,0
20241105T12,20241116T12,11,3,8.19741821289062,13.6744546890259,0.659104883670807,0.0835776329040527
20241105T12,20241116T12,11,4,9.92349243164062,6.81965589523315,0.742304801940918,0.000402331352233887
20241105T12,20241116T12,11,5,9.19741821289062,14.24098777771,0.606023132801056,0
20241105T12,20241116T12,11,6,11.9986877441406,10.1469526290894,0.900388658046722,0.0163212418556213
20241105T12,20241116T12,11,7,10.9400939941406,9.3039493560791,0.942065358161926,0.000214576721191406
20241105T12,20241116T12,11,8,7.62124633789062,9.63090896606445,0.897016644477844,0.0111579895019531
20241105T12,20241116T12,11,9,9.15225219726562,6.72738313674927,0.875868678092957,0.309553742408752
20241105T12,20241116T12,11,10,6.95645141601562,3.46952176094055,0.83641117811203,0
20241105T12,20241116T12,11,11,5.66152954101562,7.07430648803711,0.874706268310547,0
20241105T12,20241116T12,11,12,10.3502502441406,12.7631578445435,0.84123021364212,0.0203311443328857
20241105T12,20241116T12,11,13,3.25723266601562,7.24137735366821,0.757433354854584,0.0694692134857178
20241105T12,20241116T12,11,14,8.99844360351562,1.27161514759064,0.904043972492218,0.00237375497817993
20241105T12,20241116T12,11,15,11.2516174316406,6.25797367095947,0.943761765956879,0.01373291015625
20241105T12,20241116T12,11,16,6.87002563476562,3.07498216629028,0.976878345012665,0
20241105T12,20241116T12,11,17,5.87930297851562,5.86043500900269,0.842083811759949,0
20241105T12,20241116T12,11,18,6.87319946289062,6.61255121231079,0.823971688747406,0
20241105T12,20241116T12,11,19,6.48721313476562,2.57222247123718,0.82192862033844,0
20241105T12,20241116T12,11,20,8.48379516601562,1.02694964408875,0.914057075977325,0.00941455364227295
20241105T12,20241116T12,11,21,6.98355102539062,5.75177097320557,0.798990070819855,0.00101923942565918
20241105T12,20241116T12,11,22,9.75064086914062,7.15386152267456,0.802237629890442,0
20241105T12,20241116T12,11,23,6.05093383789062,3.64629983901978,0.829288005828857,0
20241105T12,20241116T12,11,24,6.48306274414062,7.66377019882202,0.558232605457306,0
20241105T12,20241116T12,11,25,9.76065063476562,9.51091194152832,0.701103627681732,0.0016629695892334
20241105T12,20241116T12,11,26,5.10366821289062,2.90535497665405,0.788811445236206,0
20241105T12,20241116T12,11,27,7.02334594726562,5.39779853820801,0.777017116546631,0
20241105T12,20241116T12,11,28,6.19741821289062,9.23937225341797,0.73131936788559,0
20241105T12,20241116T12,11,29,8.82754516601562,3.93763279914856,0.773405492305756,0
20241105T12,20241116T12,11,30,3.81875610351562,3.63320279121399,0.888423800468445,0.0391602516174316
20241105T12,20241116T12,11,31,8.96328735351562,9.01938056945801,0.680876910686493,0
20241105T12,20241116T12,11,32,8.87759399414062,7.32600831985474,0.78021639585495,0.00933408737182617
20241105T12,20241116T12,11,33,4.00991821289062,2.50621366500854,0.883072793483734,0.0135987997055054
20241105T12,20241116T12,11,34,7.57534790039062,3.44926953315735,0.911488890647888,0
20241105T12,20241116T12,11,35,10.8595275878906,1.64349639415741,0.812429666519165,0.286620855331421
20241105T12,20241116T12,11,36,8.56289672851562,12.0588293075562,0.623864412307739,0
20241105T12,20241116T12,11,37,2.75479125976562,2.59706330299377,0.970960915088654,0
20241105T12,20241116T12,11,38,6.77871704101562,2.58720517158508,0.757479190826416,0.00751018524169922
20241105T12,20241116T12,11,39,10.6236877441406,6.15788698196411,0.883735299110413,0
20241105T12,20241116T12,11,40,7.07144165039062,4.78374767303467,0.762583911418915,0
20241105T12,20241116T12,11,41,8.15713500976562,0.128375232219696,0.875209331512451,0
20241105T12,20241116T12,11,42,9.38320922851562,4.56784677505493,0.862369894981384,0
20241105T12,20241116T12,11,43,12.4776916503906,10.3125276565552,0.886479556560516,0.0774085521697998
20241105T12,20241116T12,11,44,11.1124572753906,5.21322393417358,0.854227840900421,0.0336617231369019
20241105T12,20241116T12,11,45,7.98428344726562,1.2026219367981,0.733427464962006,0
20241105T12,20241116T12,11,46,9.05776977539062,3.03604531288147,0.872160792350769,0.000321865081787109
20241105T12,20241116T12,11,47,9.54483032226562,9.57272148132324,0.854520559310913,0.00944137573242188
20241105T12,20241116T12,11,48,8.86416625976562,5.14849233627319,0.920491099357605,0.0889688730239868
20241105T12,20241116T12,11,49,6.87857055664062,4.86648416519165,0.853241503238678,0
20241105T12,20241116T12,11,50,10.3941955566406,0.752636551856995,0.842645227909088,0.0033259391784668
20241105T12,20241117T12,12,0,8.50625610351562,1.28846800327301,0.862890183925629,0.0140547752380371
20241105T12,20241117T12,12,1,8.54263305664062,4.47750663757324,0.792446434497833,0
20241105T12,20241117T12,12,2,12.6390686035156,6.10709667205811,0.825492382049561,0.0482797622680664
20241105T12,20241117T12,12,3,5.78311157226562,9.81506633758545,0.66377317905426,0
20241105T12,20241117T12,12,4,6.01235961914062,5.14971923828125,0.694389939308167,0
20241105T12,20241117T12,12,5,8.64175415039062,0.684095799922943,0.758945465087891,0.00236034393310547
20241105T12,20241117T12,12,6,7.74478149414062,13.0499782562256,0.812670409679413,0.106644630432129
20241105T12,20241117T12,12,7,8.16397094726562,6.74420309066772,0.583377122879028,0.013357400894165
20241105T12,20241117T12,12,8,6.80288696289062,8.71546363830566,0.740616381168365,0
20241105T12,20241117T12,12,9,6.71670532226562,7.7652702331543,0.790301084518433,0.0547170639038086
20241105T12,20241117T12,12,10,11.1564025878906,4.3504204750061,0.840508878231049,0
20241105T12,20241117T12,12,11,2.92300415039062,3.37842702865601,0.973113596439362,0
20241105T12,20241117T12,12,12,4.09390258789062,8.45550727844238,0.883666753768921,0.289463996887207
20241105T12,20241117T12,12,13,4.57485961914062,5.99651575088501,0.737473011016846,0
20241105T12,20241117T12,12,14,9.64004516601562,9.76160144805908,0.745796620845795,0
20241105T12,20241117T12,12,15,12.1546936035156,8.52325630187988,0.948562562465668,0
20241105T12,20241117T12,12,16,9.69448852539062,3.29953575134277,0.888521790504456,0.00246763229370117
20241105T12,20241117T12,12,17,7.30581665039062,18.4418411254883,0.786494195461273,0.000911951065063477
20241105T12,20241117T12,12,18,9.09487915039062,7.61078262329102,0.854651987552643,0
20241105T12,20241117T12,12,19,9.09683227539062,1.89582943916321,0.889926016330719,0
20241105T12,20241117T12,12,20,8.95254516601562,4.55636835098267,0.916348397731781,0.0238180160522461
20241105T12,20241117T12,12,21,5.64492797851562,9.06175136566162,0.75011420249939,0
20241105T12,20241117T12,12,22,8.24087524414062,2.3943989276886,0.938870131969452,0.619268417358398
20241105T12,20241117T12,12,23,9.85000610351562,5.63634967803955,0.862456440925598,0.0251322984695435
20241105T12,20241117T12,12,24,6.29702758789062,5.63689756393433,0.661274313926697,0
20241105T12,20241117T12,12,25,12.1012268066406,5.89634799957275,0.78673642873764,0.00756382942199707
20241105T12,20241117T12,12,26,1.15029907226562,1.36573255062103,0.954724550247192,0
20241105T12,20241117T12,12,27,9.31021118164062,8.9552173614502,0.768529713153839,0
20241105T12,20241117T12,12,28,4.61343383789062,4.53284645080566,0.728290140628815,0
20241105T12,20241117T12,12,29,5.73818969726562,4.35793685913086,0.893036186695099,0
20241105T12,20241117T12,12,30,2.96109008789062,3.16883325576782,0.931254744529724,0.00396966934204102
20241105T12,20241117T12,12,31,8.01211547851562,2.87955713272095,0.664436638355255,0
20241105T12,20241117T12,12,32,8.74356079101562,9.67295169830322,0.803680181503296,0
20241105T12,20241117T12,12,33,5.29556274414062,3.78579640388489,0.926123559474945,0.00348687171936035
20241105T12,20241117T12,12,34,7.38174438476562,5.87900304794312,0.789971709251404,0
20241105T12,20241117T12,12,35,8.94253540039062,4.64187955856323,0.930381238460541,0.00182390213012695
20241105T12,20241117T12,12,36,8.40786743164062,5.09948968887329,0.925181448459625,0.0201702117919922
20241105T12,20241117T12,12,37,6.12197875976562,11.5121879577637,0.613789975643158,0.0159859657287598
20241105T12,20241117T12,12,38,8.55996704101562,2.75258040428162,0.849299371242523,0
20241105T12,20241117T12,12,39,8.11294555664062,3.7132408618927,0.936798572540283,0.0620126724243164
20241105T12,20241117T12,12,40,10.9325256347656,6.93024587631226,0.800739288330078,0
20241105T12,20241117T12,12,41,4.20474243164062,3.60491704940796,0.978101670742035,0.00198148190975189
20241105T12,20241117T12,12,42,9.99551391601562,4.30402851104736,0.979160845279694,0.75681209564209
20241105T12,20241117T12,12,43,6.75967407226562,4.10048913955688,0.790988743305206,0
20241105T12,20241117T12,12,44,12.0333557128906,13.0141372680664,0.844225883483887,0.0603228807449341
20241105T12,20241117T12,12,45,7.36465454101562,5.91867733001709,0.734830260276794,0
20241105T12,20241117T12,12,46,6.79409790039062,10.8490362167358,0.89057332277298,0.0286459922790527
20241105T12,20241117T12,12,47,7.43643188476562,14.0471286773682,0.794590830802917,0.0523567199707031
20241105T12,20241117T12,12,48,7.86270141601562,14.7869367599487,0.766726911067963,0
20241105T12,20241117T12,12,49,8.67495727539062,5.21057796478271,0.81531810760498,0
20241105T12,20241117T12,12,50,11.0011291503906,9.09982109069824,0.776366949081421,0.0146448612213135
20241105T12,20241118T12,13,0,5.22598266601562,12.232608795166,0.830584108829498,0.382053852081299
20241105T12,20241118T12,13,1,10.7206115722656,11.7022914886475,0.812082469463348,0.162756443023682
20241105T12,20241118T12,13,2,10.6139221191406,5.32026481628418,0.69626659154892,0
20241105T12,20241118T12,13,3,2.88760375976562,5.1788854598999,0.924356043338776,0
20241105T12,20241118T12,13,4,5.33218383789062,0.825258255004883,0.652276575565338,0
20241105T12,20241118T12,13,5,3.97109985351562,7.58115863800049,0.792246401309967,0
20241105T12,20241118T12,13,6,5.35073852539062,13.8651704788208,0.721353054046631,0.937807559967041
20241105T12,20241118T12,13,7,7.33462524414062,7.22236585617065,0.767726540565491,0.00772476196289062
20241105T12,20241118T12,13,8,10.8092346191406,13.8741130828857,0.88804680109024,0.0922679901123047
20241105T12,20241118T12,13,9,6.51235961914062,10.2972869873047,0.86898934841156,0.0183463096618652
20241105T12,20241118T12,13,10,10.1935119628906,9.36845397949219,0.963941156864166,0.116086006164551
20241105T12,20241118T12,13,11,4.77114868164062,9.87358951568604,0.719152808189392,0.0105142593383789
20241105T12,20241118T12,13,12,5.59561157226562,7.59587526321411,0.789036512374878,0
20241105T12,20241118T12,13,13,6.08584594726562,7.40096712112427,0.77598762512207,0
20241105T12,20241118T12,13,14,7.03384399414062,6.70888900756836,0.798871338367462,0
20241105T12,20241118T12,13,15,9.22500610351562,7.56102085113525,0.790559470653534,0.056004524230957
20241105T12,20241118T12,13,16,8.78628540039062,4.51508903503418,0.809318602085114,0.0178568065166473
20241105T12,20241118T12,13,17,7.12368774414062,15.621166229248,0.689036428928375,0.0108093023300171
20241105T12,20241118T12,13,18,11.7384338378906,7.56680059432983,0.887372016906738,0.0078052282333374
20241105T12,20241118T12,13,19,7.71450805664062,4.66854667663574,0.982656478881836,0
20241105T12,20241118T12,13,20,8.88125610351562,7.02302074432373,0.810918927192688,0
20241105T12,20241118T12,13,21,7.39712524414062,7.30697011947632,0.760449945926666,0
20241105T12,20241118T12,13,22,9.72036743164062,2.90658116340637,0.861082255840302,0
20241105T12,20241118T12,13,23,9.30142211914062,10.2450933456421,0.774638414382935,0
20241105T12,20241118T12,13,24,4.13150024414062,5.32570314407349,0.770766139030457,0
20241105T12,20241118T12,13,25,10.8526916503906,10.6728649139404,0.818259477615356,0.0016629695892334
20241105T12,20241118T12,13,26,1.89956665039062,3.95457315444946,0.947427988052368,0
20241105T12,20241118T12,13,27,10.4320373535156,4.95175981521606,0.828160762786865,0
20241105T12,20241118T12,13,28,10.7494201660156,8.11143016815186,0.861745238304138,0.00107288360595703
20241105T12,20241118T12,13,29,8.97744750976562,3.64770483970642,0.853314816951752,0
20241105T12,20241118T12,13,30,4.45693969726562,8.35357475280762,0.835602521896362,0
20241105T12,20241118T12,13,31,8.76309204101562,3.65777206420898,0.796012341976166,0
20241105T12,20241118T12,13,32,5.86050415039062,9.03157711029053,0.742190778255463,0.0209212303161621
20241105T12,20241118T12,13,33,7.04800415039062,9.44727039337158,0.885688126087189,0
20241105T12,20241118T12,13,34,9.05532836914062,6.26474380493164,0.745772480964661,0
20241105T12,20241118T12,13,35,9.15713500976562,15.1200466156006,0.887837290763855,0.00182390213012695
20241105T12,20241118T12,13,36,7.46475219726562,15.8048572540283,0.757586359977722,1.11215114593506
20241105T12,20241118T12,13,37,1.42276000976562,9.04794311523438,0.966079354286194,1.34389400482178
20241105T12,20241118T12,13,38,8.60049438476562,2.78926348686218,0.78338348865509,0.00364780426025391
20241105T12,20241118T12,13,39,9.83755493164062,7.36246824264526,0.883477330207825,0
20241105T12,20241118T12,13,40,11.5001525878906,8.35061740875244,0.857594311237335,0
20241105T12,20241118T12,13,41,7.35855102539062,11.1434888839722,0.909799039363861,1.73807144165039
20241105T12,20241118T12,13,42,10.0777893066406,6.10807466506958,0.757039666175842,0
20241105T12,20241118T12,13,43,6.53579711914062,2.54110598564148,0.739126086235046,0
20241105T12,20241118T12,13,44,13.5602111816406,16.5380783081055,0.803125500679016,0
20241105T12,20241118T12,13,45,8.89297485351562,14.6292095184326,0.723637878894806,0.0024944543838501
20241105T12,20241118T12,13,46,7.03433227539062,2.54897022247314,0.831910908222198,0
20241105T12,20241118T12,13,47,9.40298461914062,9.11845684051514,0.693860530853271,0.00236034393310547
20241105T12,20241118T12,13,48,7.80313110351562,2.41505289077759,0.907656669616699,0.0982761383056641
20241105T12,20241118T12,13,49,9.54678344726562,6.68119192123413,0.937584042549133,0.00493526458740234
20241105T12,20241118T12,13,50,9.20620727539062,16.4878787994385,0.7699835896492,0.0420570373535156
20241105T12,20241119T12,14,0,6.81094360351562,1.73851418495178,0.863802492618561,0.0370144844055176
20241105T12,20241119T12,14,1,6.64346313476562,10.4228773117065,0.698446989059448,0.231313705444336
20241105T12,20241119T12,14,2,9.48550415039062,8.25453281402588,0.83909672498703,0
20241105T12,20241119T12,14,3,10.7059631347656,11.9289121627808,0.922257661819458,0.0269562005996704
20241105T12,20241119T12,14,4,7.92227172851562,2.60088515281677,0.920439302921295,0.036129355430603
20241105T12,20241119T12,14,5,3.44863891601562,0.414079546928406,0.790986716747284,0
20241105T12,20241119T12,14,6,6.79092407226562,11.2770462036133,0.861718893051147,0.545185804367065
20241105T12,20241119T12,14,7,7.74160766601562,5.71339988708496,0.807651162147522,0.00118017196655273
20241105T12,20241119T12,14,8,6.19741821289062,2.78681373596191,0.68877124786377,0.0914096832275391
20241105T12,20241119T12,14,9,6.93594360351562,3.88345050811768,0.839078545570374,0
20241105T12,20241119T12,14,10,10.9051818847656,14.7657489776611,0.846886336803436,0.0199556350708008
20241105T12,20241119T12,14,11,5.36611938476562,9.47400856018066,0.738139033317566,0.000536441802978516
20241105T12,20241119T12,14,12,3.40347290039062,5.40635299682617,0.906640887260437,0
20241105T12,20241119T12,14,13,8.60733032226562,9.63451957702637,0.872606515884399,0.024481862783432
20241105T12,20241119T12,14,14,9.28091430664062,6.56244802474976,0.832439601421356,0
20241105T12,20241119T12,14,15,3.91226196289062,9.94554233551025,0.693832278251648,0
20241105T12,20241119T12,14,16,10.4418029785156,8.4562931060791,0.794648110866547,0.158384442329407
20241105T12,20241119T12,14,17,2.52969360351562,7.8971962928772,0.697267234325409,0
20241105T12,20241119T12,14,18,10.0321350097656,16.2484302520752,0.798026561737061,0.0320792198181152
20241105T12,20241119T12,14,19,12.0204162597656,7.36217641830444,0.910518646240234,0.542020797729492
20241105T12,20241119T12,14,20,5.01358032226562,5.96257591247559,0.784557998180389,0
20241105T12,20241119T12,14,21,4.92568969726562,6.90973329544067,0.742002844810486,0
20241105T12,20241119T12,14,22,7.74429321289062,10.9604263305664,0.929334819316864,0.00144839286804199
20241105T12,20241119T12,14,23,10.1290588378906,7.96667766571045,0.688009917736053,0
20241105T12,20241119T12,14,24,8.31045532226562,1.61429870128632,0.862040996551514,0
20241105T12,20241119T12,14,25,7.44595336914062,6.14198350906372,0.834406614303589,0
20241105T12,20241119T12,14,26,7.04531860351562,7.02987241744995,0.826888978481293,0
20241105T12,20241119T12,14,27,9.82144165039062,9.03835487365723,0.722859501838684,0
20241105T12,20241119T12,14,28,9.58560180664062,2.71782779693604,0.886537671089172,0.0069737434387207
20241105T12,20241119T12,14,29,8.51577758789062,6.63407945632935,0.795035481452942,0
20241105T12,20241119T12,14,30,5.26651000976562,8.93143749237061,0.855494379997253,0
20241105T12,20241119T12,14,31,7.06533813476562,3.5804488658905,0.804061233997345,0.00136792659759521
20241105T12,20241119T12,14,32,10.2545471191406,18.0384731292725,0.695497632026672,0.038301944732666
20241105T12,20241119T12,14,33,6.52969360351562,11.5153284072876,0.728099882602692,0.0940918922424316
20241105T12,20241119T12,14,34,7.67764282226562,5.67121362686157,0.693683505058289,0
20241105T12,20241119T12,14,35,8.07681274414062,10.4228210449219,0.724036991596222,0.040125846862793
20241105T12,20241119T12,14,36,5.18716430664062,11,0.699603676795959,0.0335812568664551
20241105T12,20241119T12,14,37,1.82290649414062,4.86382532119751,0.876550495624542,0
20241105T12,20241119T12,14,38,8.02920532226562,3.01061701774597,0.820052325725555,0
20241105T12,20241119T12,14,39,9.46401977539062,10.9607362747192,0.842938244342804,0.342893600463867
20241105T12,20241119T12,14,40,11.9437561035156,9.77273750305176,0.805602669715881,0
20241105T12,20241119T12,14,41,7.63955688476562,13.6066493988037,0.630910813808441,0.000321865081787109
20241105T12,20241119T12,14,42,12.6842346191406,16.1639194488525,0.660746335983276,0
20241105T12,20241119T12,14,43,8.69522094726562,1.92787826061249,0.760632872581482,0
20241105T12,20241119T12,14,44,12.1483459472656,9.748779296875,0.624254524707794,0
20241105T12,20241119T12,14,45,12.1288146972656,10.394513130188,0.746172845363617,0.00069737434387207
20241105T12,20241119T12,14,46,6.61074829101562,1.9638774394989,0.910235047340393,0.00987052917480469
20241105T12,20241119T12,14,47,9.56021118164062,14.872049331665,0.765485882759094,0.0158786773681641
20241105T12,20241119T12,14,48,7.72427368164062,13.2428483963013,0.854703605175018,0
20241105T12,20241119T12,14,49,12.0448303222656,14.5271911621094,0.846984386444092,0
20241105T12,20241119T12,14,50,9.30191040039062,13.8593368530273,0.587283194065094,0.0317573547363281
20241105T12,20241120T12,15,0,6.77017211914062,3.27592635154724,0.79885995388031,0.00327229499816895
20241105T12,20241120T12,15,1,8.46133422851562,9.11396980285645,0.648584008216858,0.00933408737182617
20241105T12,20241120T12,15,2,9.63589477539062,8.4352502822876,0.837681591510773,0
20241105T12,20241120T12,15,3,6.92080688476562,18.4941806793213,0.753377676010132,2.72126197814941
20241105T12,20241120T12,15,4,4.81216430664062,2.47946286201477,0.809085488319397,0
20241105T12,20241120T12,15,5,5.25112915039062,6.3691143989563,0.724227428436279,0
20241105T12,20241120T12,15,6,11.7379455566406,10.8978967666626,0.901437997817993,0.0547707080841064
20241105T12,20241120T12,15,7,8.41934204101562,17.5996856689453,0.737533628940582,0.158250331878662
20241105T12,20241120T12,15,8,5.54116821289062,6.45432043075562,0.786000728607178,0.00163614749908447
20241105T12,20241120T12,15,9,10.1720275878906,17.2431926727295,0.865178763866425,0.12209415435791
20241105T12,20241120T12,15,10,12.0504455566406,11.4484643936157,0.904372036457062,0.639331340789795
20241105T12,20241120T12,15,11,4.64419555664062,9.45363807678223,0.836032807826996,0.0959157943725586
20241105T12,20241120T12,15,12,6.89297485351562,13.1834049224854,0.813637018203735,0.0373363494873047
20241105T12,20241120T12,15,13,8.36196899414062,9.66078281402588,0.883544147014618,0.0037752091884613
20241105T12,20241120T12,15,14,10.7884826660156,6.35805416107178,0.915110945701599,0.00128746032714844
20241105T12,20241120T12,15,15,2.40713500976562,4.12479448318481,0.693384528160095,0
20241105T12,20241120T12,15,16,10.9610900878906,4.78846454620361,0.803103268146515,0.0212430953979492
20241105T12,20241120T12,15,17,7.43594360351562,7.36284780502319,0.774113774299622,0.00461339950561523
20241105T12,20241120T12,15,18,8.82876586914062,7.47243022918701,0.746731340885162,0.0130891799926758
20241105T12,20241120T12,15,19,11.7213439941406,8.81936645507812,0.848289132118225,0.124883651733398
20241105T12,20241120T12,15,20,5.09365844726562,3.7812237739563,0.811174094676971,0
20241105T12,20241120T12,15,21,5.09194946289062,2.36791324615479,0.830689311027527,0
20241105T12,20241120T12,15,22,8.20498657226562,13.0784873962402,0.621151745319366,0.0466704368591309
20241105T12,20241120T12,15,23,9.92691040039062,8.82124900817871,0.832031488418579,0.204303860664368
20241105T12,20241120T12,15,24,7.20767211914062,7.07695960998535,0.905713438987732,0
20241105T12,20241120T12,15,25,6.28775024414062,7.86915922164917,0.948702812194824,0.0465631484985352
20241105T12,20241120T12,15,26,5.72720336914062,4.71775484085083,0.855506479740143,0
20241105T12,20241120T12,15,27,6.01626586914062,15.6679859161377,0.768854200839996,0
20241105T12,20241120T12,15,28,9.78237915039062,2.95826578140259,0.874334037303925,0.0244617462158203
20241105T12,20241120T12,15,29,8.38052368164062,4.44958591461182,0.839643061161041,0
20241105T12,20241120T12,15,30,7.85025024414062,6.26188230514526,0.866277515888214,0
20241105T12,20241120T12,15,31,6.29312133789062,1.39270317554474,0.841142177581787,0.0748872756958008
20241105T12,20241120T12,15,32,7.09243774414062,20.9519023895264,0.614259958267212,0.019526481628418
20241105T12,20241120T12,15,33,5.38735961914062,5.82291984558105,0.849051058292389,0.0409841537475586
20241105T12,20241120T12,15,34,9.32534790039062,8.81876754760742,0.881349205970764,0.00949501991271973
20241105T12,20241120T12,15,35,7.42617797851562,14.3054857254028,0.648291945457458,0.17627477645874
20241105T12,20241120T12,15,36,4.38101196289062,8.30212593078613,0.763026297092438,0.00225305557250977
20241105T12,20241120T12,15,37,2.05947875976562,5.14415073394775,0.898800194263458,0.137543678283691
20241105T12,20241120T12,15,38,9.21328735351562,11.2329635620117,0.795874416828156,0.0418424606323242
20241105T12,20241120T12,15,39,9.42495727539062,10.7190399169922,0.918676197528839,0.0869035720825195
20241105T12,20241120T12,15,40,9.95376586914062,3.65773034095764,0.943014919757843,0.0252127647399902
20241105T12,20241120T12,15,41,9.69375610351562,16.4865798950195,0.753864526748657,0
20241105T12,20241120T12,15,42,12.7396545410156,6.17682218551636,0.822545349597931,0.0497013330459595
20241105T12,20241120T12,15,43,6.74087524414062,4.44720554351807,0.84719580411911,0
20241105T12,20241120T12,15,44,12.4606018066406,10.0117568969727,0.904445111751556,0.0774353742599487
20241105T12,20241120T12,15,45,9.60610961914062,4.95326900482178,0.871205747127533,0.000563263893127441
20241105T12,20241120T12,15,46,8.29653930664062,10.2009830474854,0.773610532283783,0
20241105T12,20241120T12,15,47,10.8407287597656,12.6473770141602,0.655901193618774,0
20241105T12,20241120T12,15,48,10.1041564941406,13.8207035064697,0.924929916858673,0.410270690917969
20241105T12,20241120T12,15,49,13.1996154785156,8.33438587188721,0.855369985103607,0.00134110450744629
20241105T12,20241120T12,15,50,10.3651428222656,13.8846626281738,0.853600025177002,0.00869035720825195
